1,0.218289980969203,0.415512278233489,0.236699158774396,0.208476681624877,0.379747877736756,0.492013469019699,0.384482987394365,0.350431036872415,0.321204728353538,0.346526116199482,0.259210699162923,0.303120024716542,0.665811993604413,0.246852627596838,0.32620126995772,0.453410517877735,0.329562217869101,0.526683445452265,0.218208369010838,0.375038286758603,0.29206029965732,0.410100901726728,0.351764013133661,0.244674178800509,0.334345681435176,0.492208633026388,0.28086321779543,0.752276299588963,0.447960315778034,0.316076085530328,0.273624610008274,0.393658701314678,0.359462674505099,0.718563890331042,0.17557547138219,0.311606893624769,0.225232694065581,0.219900311251458,0.328825481973923,0.410818793347991,0.351415185646187,0.333055737935433,0.306565408933684,0.269141985913163,0.248421297516887,0.303739841153236,0.59713993166828,0.213701439894892,0.333777040710681,0.287116286905835,0.333581864331795,0.376143225825851,0.212364027891913,0.363986361462028,0.276007808121866,0.349592171987843,0.334515016535324,0.208096725969445,0.258435860265061,0.406822013392136,0.251960509699141,0.651029857478354,0.30921474418056,0.241229752427661,0.270536179821405,0.388339871767585,0.300070636945524
0.218289980969203,1,0.33862583937534,0.259732112713473,0.184502555760144,0.211833248470122,0.220515046389725,0.135801993553401,0.287183856678481,0.1311818676997,0.409927534065612,0.24803380646601,0.175714798442722,0.167394296260924,0.188959276877018,0.247664341582452,0.528660835322976,0.154933425766744,0.393317277162822,0.191841371052673,0.362550676401072,0.608163890899074,0.482746988711751,0.302323060550114,0.478142757179934,0.463658397547498,0.595199135683336,0.240225113015243,0.350672409485298,0.440959486407938,0.121883884378377,0.113137333361441,0.421242506723663,0.641238208638271,0.226621727914415,0.810971499148907,0.285514972168549,0.238671463941693,0.18524727493541,0.22079485743767,0.188271120615621,0.112153373004147,0.278449701047727,0.15282742920894,0.328194628584996,0.234120302347132,0.167040528144819,0.160549930634278,0.161024129835826,0.264309536987758,0.486057843969179,0.141873836443338,0.407933417037276,0.172733012142905,0.338544281992631,0.556338073726634,0.443128831554907,0.258994145058673,0.488015459576426,0.373411317419353,0.566996002715703,0.222022742877372,0.369122273384888,0.45297997761338,0.0625097444541875,0.101431849962848,0.437955920018587,0.625535774651054
0.415512278233489,0.33862583937534,1,0.22406012528344,0.200828343399018,0.311558411427411,0.68549707086782,0.474004298002507,0.377465768731417,0.187921600868509,0.437094471904232,0.232718248115524,0.341540775939838,0.547497987160994,0.285103328507352,0.338624968917804,0.565603407625055,0.41866818872715,0.461037455252732,0.221302712169415,0.346985275814599,0.491882143690411,0.485609237589658,0.484704007926271,0.335832482761204,0.656748891215709,0.726954415122403,0.433064515451392,0.360393493459548,0.518369748202985,0.325255024710183,0.191047571533822,0.28301145285586,0.28296940571099,0.323786639991151,0.322441850934652,0.699609953428463,0.213773483667385,0.162494066526044,0.253466347339628,0.551191589288465,0.353306539494137,0.3743718536925,0.182533865634253,0.337252705334529,0.195080063358034,0.326755383365332,0.448419515521672,0.22417128144344,0.302259302593678,0.396786965812852,0.400586928925277,0.372941405149541,0.220153676390085,0.326403414561512,0.380895289339916,0.407728987386582,0.428067586196733,0.258912651954859,0.493535169477187,0.618858469188961,0.370014893583078,0.363484054806735,0.299370441342706,0.280670425714977,0.162041541096791,0.284040138890594,0.270262761191513
0.236699158774396,0.259732112713473,0.22406012528344,1,0.16001154676733,0.479570307825461,0.364340266863725,0.268208005454755,0.475389899330114,0.485055425971572,0.236996063622902,0.819138030620473,0.209119065968048,0.240118511387544,0.48049296286543,0.358508472863078,0.198826715439945,0.15022869849402,0.172264548435188,0.782958617445745,0.359020552031359,0.375560585746858,0.366281867599439,0.568952636245425,0.218580594341895,0.227433159211803,0.24837215808744,0.48573203624282,0.310504438790786,0.233478708431075,0.149893257168393,0.083774712937019,0.29313288909485,0.322649587179914,0.244483656305872,0.260791929636903,0.24222286130275,0.911891526540286,0.17623497394287,0.503035226112985,0.327381594202141,0.251281546052196,0.515510167192398,0.462688906512039,0.210007624778309,0.802043193584223,0.22307688806896,0.233570860636824,0.49211763391397,0.379917795541723,0.221481858207984,0.170236702067159,0.208714765240829,0.700772527465278,0.378768905387561,0.359395922667645,0.412747130706123,0.534291876598259,0.207048818183589,0.221890599157054,0.28328595537684,0.45836503917244,0.300928563941257,0.248785524013376,0.133507314952035,0.109508989559764,0.30538794500576,0.346921982481053
0.208476681624877,0.184502555760144,0.200828343399018,0.16001154676733,1,0.475966526033642,0.288508400638519,0.481446500964997,0.28906451290606,0.286206315893522,0.40159941829147,0.259007904287118,0.380340177451523,0.361352098846506,0.39303975785997,0.204304152416376,0.173948749212922,0.308648427284501,0.195985263770988,0.215060886127436,0.250357423991403,0.273222545993813,0.24220477657912,0.223582357933516,0.239631975664311,0.205636370442984,0.252848190007005,0.239389841033351,0.282146061468343,0.203507702080061,0.24881080448373,0.49986881084369,0.198503492483669,0.259473080571579,0.193544956458076,0.166612638545157,0.198881537597997,0.140314388107162,0.611652744842734,0.45616262311278,0.222158535978489,0.453070652749557,0.283404889869546,0.291365606003523,0.392060976805325,0.229992305568313,0.375560389861779,0.321394820746496,0.365382729585786,0.202706644033667,0.140769264943269,0.299171880359594,0.212725978808838,0.174007060264428,0.204357331106114,0.236764174468259,0.207271609990189,0.235380479179822,0.211767445553328,0.176528632971325,0.229592393281864,0.22310789495786,0.277246997287915,0.190991951494111,0.250529417610741,0.418811224035205,0.190077922467963,0.249991282019569
0.379747877736756,0.211833248470122,0.311558411427411,0.479570307825461,0.475966526033642,1,0.4631760077423,0.66157961655817,0.379005144202942,0.723428009180435,0.368331495356243,0.6374113201672,0.365516805107962,0.488866621802118,0.671538643367193,0.322209293180597,0.223107501533814,0.249449363280131,0.235883017509202,0.482267108750821,0.376628890025456,0.327973620874453,0.375058762959544,0.398464983853586,0.255040965300703,0.236175443140221,0.266181922059139,0.544092642504951,0.417898128166454,0.248447563985278,0.204604264556967,0.336245514105332,0.318999919568549,0.356216761289055,0.319442685563054,0.189129700346591,0.3409546216143,0.500528375616649,0.414663661476637,0.884462258099146,0.397928712824988,0.609671453583704,0.449076352426434,0.696256688060647,0.350434604038479,0.61783367131406,0.383113117643952,0.428700315708297,0.649291558712508,0.294733780507783,0.240400209092713,0.264295502974894,0.235197808680042,0.465044234593909,0.309127237169602,0.282286868736384,0.348206509563249,0.43973646085066,0.223461687087991,0.23133111934755,0.287765805413304,0.517035443423997,0.431805663107609,0.25197703065515,0.227256136456039,0.333909903955345,0.283146477288272,0.350714688592346
0.492013469019699,0.220515046389725,0.68549707086782,0.364340266863725,0.288508400638519,0.4631760077423,1,0.583716044635096,0.621789629985244,0.371442724503551,0.399825826590373,0.348080970411129,0.421731454673705,0.727999986997764,0.472547104677635,0.331616435051328,0.352721910737525,0.412724192940815,0.343224108243915,0.294346657812259,0.3419262766787,0.515609080229337,0.346836063529243,0.746483318223863,0.402438905668351,0.52934019789779,0.574251911338176,0.500372643907684,0.42196092647865,0.513883083551355,0.395734592458433,0.266139496816943,0.281830660748177,0.256251696937059,0.414010954793899,0.188749551800304,0.497905679817799,0.371922146157048,0.238575700596193,0.431744184769995,0.781665685892312,0.49056838127847,0.604065286483383,0.376501485449595,0.312271591672698,0.328925295009548,0.419928454086064,0.623743301065734,0.386556233885769,0.316067978446034,0.219080091727572,0.390401419535502,0.290770864436674,0.299954060469387,0.313148339071153,0.425043206119809,0.299476174841228,0.685069131791367,0.324142053370706,0.40293599639445,0.501048572834603,0.438221911483565,0.412601116055579,0.287040197896902,0.345824765755708,0.256027581460972,0.282904501000753,0.244494652496903
0.384482987394365,0.135801993553401,0.474004298002507,0.268208005454755,0.481446500964997,0.66157961655817,0.583716044635096,1,0.279875783398832,0.465606650161785,0.472024240566812,0.330702927572113,0.356588534627968,0.63845584074162,0.445124296365509,0.283064098351507,0.294663701675113,0.397767084894316,0.29579298322993,0.246277606446055,0.327553007006445,0.328310002891456,0.342742959072744,0.355875583966782,0.216154665893151,0.40776684453086,0.346227125975385,0.578191965666305,0.388938771135608,0.419220727945736,0.264362993473694,0.364687565908897,0.24557627662111,0.267060943840941,0.302779404253734,0.132527198019778,0.397916832738524,0.265375778302838,0.408831286525346,0.584204121436328,0.462127497357702,0.764675638053504,0.304612478215884,0.444207623357169,0.419801278930332,0.303845705306607,0.361337150992824,0.535275025603522,0.386659121609551,0.23513834787736,0.229174483257057,0.356539251071536,0.257854257666654,0.208773821064973,0.276252940015433,0.277310007221529,0.275820762780445,0.373881668085932,0.161352983324959,0.316054417791007,0.315160976939656,0.531125412338562,0.380076112776082,0.314029972668522,0.26143529049279,0.340022843020605,0.212596007900093,0.256328873284957
0.350431036872415,0.287183856678481,0.377465768731417,0.475389899330114,0.28906451290606,0.379005144202942,0.621789629985244,0.279875783398832,1,0.274444680442872,0.386501080794672,0.476097658205921,0.567932827462971,0.524423828457651,0.546984437490749,0.346971530634964,0.211683895345308,0.302476972893235,0.302363597840764,0.412141622793912,0.341838628733046,0.565163076795277,0.310767914987858,0.743274693797473,0.565052714772756,0.325467239168732,0.503393245189378,0.244170677279879,0.420720258856854,0.191304041233986,0.399650389686152,0.254566436747545,0.346109545913272,0.302959074466861,0.3208967877574,0.258292805792101,0.249431525017407,0.456912327397745,0.269642789928306,0.372315183898669,0.467434570850647,0.232721521257139,0.859758249277457,0.296586015288926,0.294491678166795,0.47215710508673,0.540355122538343,0.4255238659359,0.491920160394745,0.347452313477256,0.122677529154971,0.265853263967791,0.23584163994423,0.405368359642745,0.345922893001349,0.493535448993482,0.337414847435444,0.647714896645388,0.472438875435542,0.248962649480901,0.428377204135734,0.222710778957686,0.385871060684102,0.126958862582548,0.289796170191987,0.235913834137055,0.350360545161152,0.293700869034418
0.321204728353538,0.1311818676997,0.187921600868509,0.485055425971571,0.286206315893522,0.723428009180435,0.371442724503551,0.465606650161785,0.274444680442872,1,0.279468357310523,0.60165074608776,0.245414204280402,0.389305121645082,0.364764480311165,0.237786400415254,0.175977181060713,0.195397961602055,0.177486291251188,0.547563460276862,0.333272312338987,0.241714717824456,0.289727080967254,0.285040746996497,0.146281440370422,0.212855877208725,0.196689204543434,0.466107597989887,0.32583511774597,0.186424653743689,0.181671333805375,0.176834541655603,0.198560833123341,0.256063011122332,0.285952648258274,0.123546112894653,0.233744445301392,0.515115380764832,0.253045319602122,0.691239577745933,0.335139361206334,0.455727181356404,0.322943949040945,0.921104226775712,0.294670163014719,0.608220930592158,0.262292527664572,0.347705690661989,0.368982638647453,0.207217185988343,0.173880179509771,0.217598345669071,0.163150793989788,0.550986972578761,0.278294828694069,0.225669256982629,0.282135043338762,0.311767820286142,0.13531460103633,0.219244742414055,0.214395355346265,0.447226808369359,0.335401458253407,0.186230351482472,0.215671194978282,0.223856335873943,0.199274500169621,0.258469414574014
0.346526116199482,0.409927534065612,0.437094471904232,0.236996063622902,0.40159941829147,0.368331495356243,0.399825826590373,0.472024240566812,0.386501080794672,0.279468357310523,1,0.299886557455796,0.639427777928419,0.501692657612607,0.317107058383131,0.226383486179347,0.538983665162632,0.665194590797601,0.61749727308909,0.291061565084645,0.296716259918947,0.441069546761574,0.335221367840968,0.31291537323947,0.562147434058419,0.617995753201907,0.571741252366762,0.221133068825197,0.486427768985142,0.381088684656251,0.462905337404024,0.331514761710262,0.375399578853595,0.471166818468266,0.295159858459585,0.3974016424945,0.304014928497121,0.225658145143731,0.354919586468657,0.39043292833872,0.295954637214838,0.413727987088804,0.348000845150938,0.307873905338841,0.792274694585175,0.287046237639594,0.589221540781035,0.43365910830787,0.283386860010564,0.227995974881141,0.363854259020736,0.588192247095016,0.520517328039565,0.280369715298837,0.275462826187618,0.379000938903784,0.28287605930851,0.25403433055176,0.480765712436055,0.48425089889149,0.456737550585318,0.209362664969274,0.484347703666919,0.260864978190029,0.402384020944665,0.346765044294931,0.39260312024543,0.436322378613511
0.259210699162923,0.24803380646601,0.232718248115524,0.819138030620473,0.259007904287118,0.6374113201672,0.348080970411129,0.330702927572113,0.476097658205921,0.60165074608776,0.299886557455796,1,0.257195597011131,0.304179600404613,0.570840828838101,0.317702060888114,0.222765937861267,0.191597285814652,0.205860937348034,0.857625746474458,0.348139668326427,0.348885699930881,0.367792678990685,0.480009785666819,0.224573018860115,0.209521177895837,0.23470147305468,0.459813432382212,0.341593640847346,0.217604736703498,0.174975233692014,0.168760303669336,0.313223716527899,0.352637316738779,0.230913729673933,0.242555064073021,0.259473172634745,0.803097130086842,0.253771435694535,0.647498418812221,0.329657230368169,0.334964227956707,0.530261866776129,0.575309394035579,0.296146957112668,0.911647529884965,0.292699700040504,0.285767695659582,0.581654800682683,0.346183979226498,0.225145918318097,0.211037988729817,0.222428613474229,0.781488383937359,0.346414047789246,0.314145063053421,0.386610292049953,0.481626529821395,0.210346822478742,0.22373361450419,0.274666831144624,0.435985591945532,0.328625711852561,0.236790415317882,0.190334627083992,0.180525112260696,0.31331820255911,0.363246642564079
0.303120024716542,0.175714798442722,0.341540775939838,0.209119065968048,0.380340177451523,0.365516805107962,0.421731454673705,0.356588534627968,0.567932827462971,0.245414204280402,0.639427777928419,0.257195597011131,1,0.52332996791833,0.4160262229488,0.247880941912363,0.203889611510311,0.539151750222482,0.391392048236362,0.227204421025329,0.285397153920657,0.311786521526116,0.247049430063641,0.366718541632264,0.620053049571328,0.402935071107376,0.516038858917309,0.132600405643391,0.402872563873361,0.095307124450064,0.610401729568096,0.406429366145444,0.278322483162287,0.233624561892135,0.272160666267951,0.172681239190864,0.216024671420816,0.205123049292095,0.356119280913947,0.369495849706395,0.28608900115774,0.344239330466282,0.496614205940458,0.261593248653395,0.573313139878485,0.228449851253381,0.838410551064947,0.409994881896313,0.356585550635153,0.240393148466658,0.10314646246658,0.464877993532511,0.29250296799708,0.209883966683954,0.262944333415278,0.255313355925085,0.237026242744033,0.31754943875673,0.467124415924346,0.289095813444154,0.382578400596872,0.134027809885139,0.403081591658562,0.0718990330202202,0.492224906172655,0.417173505129667,0.293752010340226,0.227570170819788
0.665811993604413,0.167394296260924,0.547497987160993,0.240118511387544,0.361352098846506,0.488866621802118,0.727999986997764,0.63845584074162,0.524423828457651,0.389305121645082,0.501692657612607,0.304179600404613,0.52332996791833,1,0.415196675156143,0.258734174310881,0.360520300087039,0.570595480144267,0.481056672198759,0.254673525264147,0.320779781187299,0.366200929905704,0.301118059450532,0.480705138723245,0.416524322098484,0.452980678908448,0.592422766002635,0.30848992646328,0.633014827575722,0.43985443941631,0.456526778138059,0.439042127262766,0.322101005803895,0.278466823051585,0.55622530342,0.122926616743203,0.357324883487515,0.234908933149534,0.344414545958523,0.442303353372613,0.554592052156216,0.56819330226303,0.474340593939858,0.384954007459025,0.4041384652738,0.28456686767298,0.502586051521463,0.784985824730279,0.319942629436105,0.254178079043717,0.160336828484154,0.493809686549262,0.317285571344312,0.2370566863199,0.30294260522405,0.312147482519105,0.263700026476857,0.424283999374075,0.335261936938613,0.313174693933824,0.462033420845556,0.281232607754063,0.570834965996243,0.241858356474053,0.39015556560104,0.419297358363233,0.327906749506568,0.238529201471686
0.246852627596838,0.188959276877018,0.285103328507352,0.48049296286543,0.39303975785997,0.671538643367193,0.472547104677635,0.445124296365509,0.546984437490749,0.364764480311165,0.317107058383131,0.570840828838101,0.4160262229488,0.415196675156143,1,0.313546908034303,0.152473921324448,0.250891185478201,0.187615180572239,0.436017964579199,0.308375898470531,0.326852462938898,0.297444412780448,0.506690827699584,0.373998733922864,0.195873584735526,0.260653673611017,0.367703133730686,0.35827646457449,0.150165037620908,0.203493733377347,0.295018807852173,0.32687793859683,0.305147149386615,0.250958681726175,0.197929543441181,0.275125792967077,0.478150614076841,0.354661879391446,0.659611826001744,0.383138931727766,0.410885047896705,0.599295523853099,0.365828299966809,0.283070267194791,0.553271096007319,0.41247071151075,0.36609913907246,0.804054181182171,0.302161847710829,0.186305160577874,0.255297417941118,0.218919284635104,0.419778449664382,0.276836050083604,0.284749526362864,0.289656411610018,0.525288702414412,0.324425771844559,0.176178261101469,0.279120842546534,0.349365248054227,0.366288222380719,0.170543013768603,0.195231264386614,0.297202108653139,0.312960926593299,0.304339001692947
0.32620126995772,0.247664341582452,0.338624968917804,0.358508472863078,0.204304152416376,0.322209293180597,0.331616435051328,0.283064098351507,0.346971530634964,0.237786400415254,0.226383486179348,0.317702060888114,0.247880941912363,0.258734174310881,0.313546908034303,1,0.237309183520566,0.170729739310626,0.213237480038631,0.211271896917233,0.622061820726553,0.495640842690869,0.665003532669495,0.434443546528323,0.170118151425611,0.226233444796484,0.454268239737353,0.430615962769915,0.446657961670809,0.338516106951648,0.152170918340278,0.134433640634332,0.40267921604578,0.397775379431143,0.320346462098975,0.227594289554012,0.310720131030724,0.338622633035555,0.192015399089136,0.296213319169403,0.316114326106801,0.256023906017446,0.368533084199063,0.222692040241771,0.215328683027919,0.311454207939123,0.249227771863024,0.277064631622837,0.309751326018726,0.857435515634612,0.231132342092736,0.181661881247095,0.2186326486839,0.181576302129935,0.578921261971983,0.460359975939356,0.617151428721321,0.447685299772858,0.15972685085741,0.203474338341225,0.473749737247013,0.392902372882814,0.416738119332591,0.350725658998196,0.142715298200806,0.148438667731105,0.383459085652932,0.3724716640683
0.453410517877735,0.528660835322976,0.565603407625055,0.198826715439945,0.173948749212922,0.223107501533814,0.352721910737525,0.294663701675113,0.211683895345308,0.175977181060713,0.538983665162632,0.222765937861267,0.203889611510311,0.360520300087039,0.152473921324448,0.237309183520566,1,0.389847012897619,0.704366279211463,0.199836570263033,0.350110931668255,0.431575846059485,0.515405506969594,0.240017517400413,0.31387155039318,0.599943091209425,0.58985042678573,0.250964480958157,0.494782967594497,0.598537417227319,0.21201531936158,0.0977966235379693,0.417462887857752,0.58327120324554,0.395913037818741,0.503786488717035,0.4432339946288,0.192047922216065,0.13905976555593,0.216283594946711,0.312827357419493,0.22913177416389,0.213457882646019,0.176030367902058,0.428071985551971,0.196499472352646,0.198876317253389,0.321266053399001,0.121935567146422,0.259082580128741,0.675751216840436,0.357458991969817,0.599514675672752,0.198015219434719,0.328884796275069,0.372407228930742,0.428962420263109,0.194359172758561,0.307416235985639,0.455333183902634,0.515306829029296,0.212455665393956,0.460269548003667,0.445097911566901,0.154612298056992,0.11209274700368,0.428533654439322,0.518640282467095
0.329562217869101,0.154933425766745,0.41866818872715,0.15022869849402,0.308648427284501,0.249449363280131,0.412724192940815,0.397767084894316,0.302476972893235,0.195397961602055,0.665194590797601,0.191597285814652,0.539151750222482,0.570595480144267,0.250891185478201,0.170729739310626,0.389847012897619,1,0.622081628247037,0.201544380550721,0.185018535616335,0.245661419595194,0.213953711949623,0.169804524962082,0.380749964648076,0.519813790200298,0.50487515532016,0.0889018578178723,0.383117048032526,0.260694878815782,0.463092756577685,0.284798567286806,0.228538577694701,0.237483575061321,0.292524222619879,0.131383255037168,0.229428195454656,0.128667475035093,0.262462754357325,0.253000461389462,0.247321940542692,0.324576292743021,0.244985717920667,0.192594721875563,0.539293121923261,0.166070123595023,0.504180829800259,0.439903758828616,0.191952570883276,0.159934446198076,0.195421051537012,0.701090713949901,0.416096150402968,0.185711525020666,0.19304446714787,0.162125800145186,0.181975515251098,0.111394650397457,0.303398882021266,0.370887622059616,0.33886772853322,0.0718888731738951,0.356081361786422,0.0661261773427666,0.431270135070801,0.282854810234996,0.245848670652879,0.2070486475513
0.526683445452265,0.393317277162822,0.461037455252732,0.172264548435188,0.195985263770988,0.235883017509202,0.343224108243915,0.29579298322993,0.302363597840764,0.177486291251188,0.61749727308909,0.205860937348034,0.391392048236362,0.481056672198759,0.187615180572239,0.213237480038631,0.704366279211463,0.622081628247036,1,0.189866792290718,0.268844238449064,0.339188223177228,0.353561276023732,0.208363478602254,0.416334604489814,0.519792811191175,0.577837565760838,0.129544313448911,0.553353949423253,0.379205371652211,0.359667036204891,0.195978168468573,0.400161002857717,0.483517443150229,0.449731507581328,0.355649507234024,0.268785959523122,0.148332695841402,0.178690529009175,0.222083768795143,0.224142898007301,0.219500139894867,0.26088481943368,0.176589942808527,0.476176728824464,0.173657623476129,0.356228242739412,0.397839532711594,0.163634422231333,0.230008607788583,0.440414150038051,0.526726168989668,0.660386895745253,0.183288756883472,0.284857424343443,0.287690100712851,0.312604078329868,0.140443879980557,0.36713398595078,0.364874747517316,0.441133903119755,0.108817681263065,0.499394398682125,0.230632116792758,0.274609047484867,0.212172376064264,0.405208097699656,0.414134153369345
0.218208369010838,0.191841371052673,0.221302712169415,0.782958617445745,0.215060886127436,0.482267108750821,0.294346657812259,0.246277606446055,0.412141622793912,0.547563460276862,0.291061565084644,0.857625746474458,0.227204421025329,0.254673525264147,0.436017964579199,0.211271896917233,0.199836570263033,0.201544380550721,0.189866792290718,1,0.243488928575697,0.268168919825101,0.275210689458741,0.423797603420005,0.19664857969051,0.209078736387436,0.203878157827823,0.332367660290679,0.247036897081018,0.144354327659425,0.177248413856822,0.128342593888193,0.227799370782128,0.247302349109023,0.185017171639486,0.186470763577026,0.248581579588342,0.753932201575193,0.232137455739215,0.503279270460609,0.298859150966512,0.254848053933741,0.474398867979257,0.513384028606465,0.266249361903601,0.807296134819476,0.278022553609708,0.241294133406238,0.433430993549722,0.231134750433865,0.178254188274852,0.230878529945096,0.191241045433387,0.876966853948534,0.253264861195485,0.236183109716028,0.296894692088661,0.408152009437216,0.213092472189775,0.221801166124908,0.242616722579471,0.305705702464486,0.228636137903674,0.140637549101718,0.214730764227718,0.140996814559562,0.250783138207874,0.260093790957485
0.375038286758603,0.362550676401071,0.346985275814599,0.359020552031359,0.250357423991403,0.376628890025456,0.3419262766787,0.327553007006445,0.341838628733046,0.333272312338987,0.296716259918947,0.348139668326427,0.285397153920657,0.320779781187299,0.308375898470531,0.622061820726553,0.350110931668255,0.185018535616335,0.268844238449064,0.243488928575697,1,0.462696984106249,0.858945025825259,0.349839626287252,0.211641668655363,0.289018283854418,0.470318584637722,0.490556727792015,0.526971842342523,0.520820667302951,0.164303949204439,0.180401876891001,0.50032550832887,0.615769252079219,0.336425653443499,0.351606874641162,0.328292235368079,0.355039604785945,0.216290569066123,0.354389710635733,0.319243985320099,0.320475458967358,0.361904647008951,0.308421386107964,0.301129282841081,0.351225328053661,0.27549119624607,0.315795952300604,0.291498449230715,0.588952450463215,0.342934880241307,0.205828938030983,0.272414761247063,0.221381582197176,0.844127767792645,0.440523847892899,0.756919412683637,0.36993995005957,0.213539692025654,0.277862708807106,0.472667967077827,0.455365647986559,0.504420336403378,0.548009030343922,0.178055498088089,0.19775497344311,0.481025174059998,0.599211702091411
0.29206029965732,0.608163890899074,0.491882143690411,0.375560585746858,0.273222545993813,0.327973620874453,0.515609080229337,0.328310002891456,0.565163076795277,0.241714717824456,0.441069546761574,0.34888569993088,0.311786521526116,0.366200929905704,0.326852462938898,0.495640842690869,0.431575846059485,0.245661419595194,0.339188223177228,0.268168919825101,0.462696984106249,1,0.547023694553696,0.633739942475114,0.459792167665953,0.51341658437891,0.603211864409091,0.399607818548257,0.417188343408149,0.520924336513765,0.228673337276584,0.158496931782679,0.424821459689805,0.529064966150071,0.274464663913517,0.586012854833361,0.40072007259504,0.378255316948835,0.219593679759962,0.323647118214449,0.43136852199186,0.243703926930106,0.568120680838986,0.251599233808722,0.363233359867561,0.355272963396494,0.32191240094171,0.328150901511108,0.302140481568845,0.495224357733863,0.371252409099768,0.23997118409034,0.35444278959015,0.26645648906149,0.426539738279735,0.823605715036287,0.507954553107494,0.585337067092099,0.44396101984939,0.404517715965508,0.572551875272009,0.361432866086422,0.423269426194564,0.450817644041819,0.176323114249434,0.142302386237062,0.432917574796607,0.510929769842077
0.410100901726728,0.482746988711751,0.485609237589658,0.366281867599439,0.24220477657912,0.375058762959544,0.346836063529243,0.342742959072744,0.310767914987858,0.289727080967254,0.335221367840968,0.367792678990685,0.247049430063641,0.301118059450532,0.297444412780448,0.665003532669495,0.515405506969594,0.213953711949623,0.353561276023732,0.275210689458741,0.858945025825259,0.547023694553696,1,0.352083833639077,0.225713303541255,0.383436519033496,0.595893778219719,0.522469293582255,0.546347016598589,0.578589693171644,0.170919624246026,0.178788959030171,0.514943034222841,0.666021949455308,0.358605225928007,0.470056325048238,0.445668300499572,0.357246798607965,0.224192277931142,0.353233860992148,0.336621409177378,0.328038320530033,0.341300920154397,0.265284514589928,0.330830013654756,0.357043778511848,0.248170132261496,0.320052298302297,0.28884003460294,0.645662573195995,0.515205377728255,0.242463330619433,0.383632606656022,0.252309735514969,0.756669294769454,0.517055300316527,0.862101476534336,0.36705858997991,0.227192831908922,0.348300821590487,0.591670374232368,0.475288176096659,0.509893889088586,0.577897085030345,0.170248972014894,0.175474090318326,0.512645486256693,0.640212581135169
0.351764013133661,0.302323060550114,0.484704007926271,0.568952636245425,0.223582357933516,0.398464983853586,0.746483318223863,0.355875583966782,0.743274693797473,0.285040746996497,0.31291537323947,0.480009785666819,0.366718541632264,0.480705138723245,0.506690827699584,0.434443546528323,0.240017517400413,0.169804524962082,0.208363478602254,0.423797603420005,0.349839626287252,0.633739942475114,0.352083833639077,1,0.434148074147362,0.426067623314338,0.482808832981915,0.492538495552261,0.362180370941832,0.387342719406288,0.31337743310366,0.170535780406049,0.296525496754345,0.288822998079403,0.334679341164186,0.286056496973594,0.393899139671522,0.53927314496941,0.213661539957618,0.3875776228595,0.647512457215112,0.301644226995145,0.735126699258526,0.29670554548584,0.235161082183408,0.466267758247931,0.367440277638131,0.442346227106543,0.460019938828991,0.438835801862561,0.180293964140191,0.207738277344727,0.230790890286331,0.388913030567509,0.349931262706108,0.561997390902097,0.35764055095748,0.904098759656708,0.405555365757496,0.349553983983656,0.486546858111328,0.439051648705945,0.343642921510951,0.284827392760416,0.238343852900932,0.185865019720419,0.285802589812093,0.290377898912321
0.244674178800509,0.478142757179934,0.335832482761204,0.218580594341895,0.239631975664311,0.255040965300703,0.402438905668351,0.216154665893151,0.565052714772756,0.146281440370422,0.562147434058419,0.224573018860115,0.620053049571328,0.416524322098484,0.373998733922864,0.170118151425611,0.31387155039318,0.380749964648076,0.416334604489814,0.19664857969051,0.211641668655363,0.459792167665953,0.225713303541255,0.434148074147362,1,0.492022346107798,0.587818941655866,0.0911298623502321,0.374866806226728,0.193298303367363,0.380250388601445,0.241009251605042,0.362858271150041,0.392347849492733,0.222284913810243,0.491765559514358,0.224737325102947,0.193952038883872,0.212122412793573,0.25888876468062,0.269609237463229,0.174318174729513,0.493722905547716,0.165618454213856,0.449055893505582,0.219346420733456,0.555329170556388,0.343092285850181,0.289708282798996,0.184567404875246,0.236467348235715,0.337643396704777,0.372001886865094,0.188667853122998,0.173313991060982,0.419667558156629,0.202120383744919,0.342815159740714,0.800474080422671,0.382114946461826,0.504152965384965,0.0599622129917912,0.379658998091153,0.127782002405321,0.289899888578273,0.248138326295771,0.36249776693519,0.360374518137098
0.334345681435176,0.463658397547498,0.656748891215709,0.227433159211803,0.205636370442984,0.236175443140221,0.52934019789779,0.40776684453086,0.325467239168732,0.212855877208725,0.617995753201907,0.209521177895837,0.402935071107376,0.452980678908448,0.195873584735526,0.226233444796484,0.599943091209425,0.519813790200298,0.519792811191175,0.209078736387436,0.289018283854418,0.51341658437891,0.383436519033496,0.426067623314338,0.492022346107798,1,0.686911898868463,0.320729333079589,0.355098394799488,0.525954807591148,0.4619885614861,0.137475903208443,0.310562890236348,0.377204194336622,0.324870490944056,0.450198339507101,0.506854127802424,0.212364236573735,0.164310789730222,0.257852344800109,0.482090676760074,0.310955921994641,0.309485885914132,0.225880707059959,0.519687768398729,0.197238081780665,0.380633103870836,0.421315810721637,0.174693010477365,0.224206008633496,0.448354614920218,0.501068731407593,0.505124719911664,0.194821386757984,0.261520336609835,0.434788951391571,0.320972817837893,0.370235283068168,0.450673039349874,0.788223839160438,0.611410561496206,0.260599584552848,0.37866294882863,0.347311367127724,0.402611681257563,0.141354708091582,0.315111957375521,0.361718170319655
0.492208633026388,0.595199135683336,0.726954415122403,0.24837215808744,0.252848190007005,0.266181922059139,0.574251911338176,0.346227125975385,0.503393245189378,0.196689204543434,0.571741252366762,0.23470147305468,0.516038858917309,0.592422766002635,0.260653673611017,0.454268239737353,0.58985042678573,0.50487515532016,0.577837565760838,0.203878157827823,0.470318584637722,0.603211864409091,0.595893778219719,0.482808832981915,0.587818941655866,0.686911898868463,1,0.32773864881942,0.521280645048459,0.525118799006225,0.451157946252041,0.267134852395499,0.407314602077169,0.461039523895774,0.424000017204133,0.538207318538645,0.478980346486367,0.232276941357291,0.215211019039494,0.251840363793524,0.433146355832188,0.274808203164304,0.432245541040543,0.212330806654827,0.425515631620429,0.214632998658239,0.453679197434872,0.484575464761178,0.207631691642921,0.43706798317631,0.399114945930382,0.43149499359277,0.454185749987529,0.186275240931491,0.44278919437347,0.51073962409739,0.524382738163845,0.391797107337579,0.503052785040223,0.4972061657977,0.814461306505694,0.285200580181735,0.506882892737027,0.379100871129575,0.334896312217406,0.247490262282246,0.425303153872696,0.440353244492973
0.28086321779543,0.240225113015243,0.433064515451392,0.48573203624282,0.239389841033351,0.544092642504951,0.500372643907684,0.578191965666305,0.244170677279879,0.466107597989887,0.221133068825197,0.459813432382212,0.132600405643391,0.30848992646328,0.367703133730686,0.430615962769915,0.250964480958157,0.0889018578178723,0.129544313448911,0.332367660290679,0.490556727792015,0.399607818548257,0.522469293582255,0.492538495552261,0.0911298623502321,0.320729333079589,0.32773864881942,1,0.295678373270004,0.528301867927445,0.113729111954424,0.152906370335487,0.218248965302775,0.312377000692446,0.209604910064912,0.225689866560388,0.461831573131278,0.480822094464002,0.226526368386962,0.505164675993941,0.44348118088953,0.544018590863631,0.305103981840648,0.439936535118451,0.225320051681256,0.447851928045815,0.15596294878095,0.30854133394274,0.384088370279746,0.418003829076485,0.28501856423139,0.15372176014044,0.205212734640812,0.299161867749268,0.425387534823318,0.39734040996448,0.464181826587305,0.538356565304467,0.0896171396874641,0.305682977005302,0.351817923430649,0.902476540832654,0.310499160935742,0.530543116209362,0.116873424607609,0.196193510065732,0.206398637651315,0.320796748036804
0.752276299588963,0.350672409485298,0.360393493459548,0.310504438790786,0.282146061468343,0.417898128166454,0.42196092647865,0.388938771135608,0.420720258856855,0.32583511774597,0.486427768985142,0.341593640847346,0.402872563873361,0.633014827575722,0.35827646457449,0.446657961670809,0.494782967594497,0.383117048032526,0.553353949423253,0.247036897081018,0.526971842342523,0.417188343408149,0.546347016598589,0.362180370941832,0.374866806226728,0.355098394799488,0.521280645048459,0.295678373270004,1,0.490216894696753,0.296931784711447,0.34182945945961,0.659577530892838,0.578455470475729,0.660893376663937,0.336819625385464,0.308060865661387,0.28602833543145,0.298122614346618,0.391530819991748,0.381346468069044,0.401641980187111,0.414938556123681,0.330671111580159,0.409184245092874,0.33253632215576,0.375371101330028,0.592314241246723,0.320072434544831,0.471256253859465,0.415400505854993,0.385249265322806,0.489773029642895,0.238685518250284,0.516963587674971,0.427293993084039,0.524857747221938,0.357444228584051,0.336347287688182,0.317431387349586,0.495311213491258,0.304161099500147,0.843590168060192,0.443219864850447,0.239256305816383,0.335196248280282,0.614893673640854,0.526065957524125
0.447960315778034,0.440959486407938,0.518369748202985,0.233478708431075,0.203507702080061,0.248447563985278,0.513883083551355,0.419220727945736,0.191304041233986,0.186424653743689,0.381088684656251,0.217604736703498,0.095307124450064,0.43985443941631,0.150165037620908,0.338516106951648,0.598537417227319,0.260694878815782,0.379205371652211,0.144354327659425,0.520820667302951,0.520924336513765,0.578589693171644,0.387342719406288,0.193298303367363,0.525954807591148,0.525118799006225,0.528301867927445,0.490216894696753,1,0.126647234757896,0.147223233559422,0.423890348365325,0.543137763754306,0.383269360293833,0.415651277881142,0.405962796769248,0.226862225356073,0.176737117790114,0.230436218218096,0.466360317977695,0.376224095115798,0.195919077817972,0.179312955104091,0.325353896039636,0.197524758247307,0.105643250343509,0.417517444289688,0.121437861257405,0.371346831293763,0.501349781432116,0.254632229310932,0.439529913853888,0.140462726797372,0.456559456977003,0.486872404639006,0.467920627248389,0.374581271238093,0.195669720952835,0.44058489386874,0.496145071856408,0.434722212548996,0.466582850160343,0.766523198578779,0.134791280062225,0.17399138375701,0.381877717323418,0.492545116776646
0.316076085530328,0.121883884378377,0.325255024710183,0.149893257168393,0.24881080448373,0.204604264556968,0.395734592458433,0.264362993473694,0.399650389686152,0.181671333805375,0.462905337404024,0.174975233692014,0.610401729568096,0.456526778138059,0.203493733377347,0.152170918340278,0.21201531936158,0.463092756577685,0.359667036204891,0.177248413856822,0.164303949204439,0.228673337276584,0.170919624246026,0.31337743310366,0.380250388601445,0.4619885614861,0.451157946252041,0.113729111954424,0.296931784711447,0.126647234757896,1,0.285221053521291,0.124114251587997,0.13472098669753,0.280799213785349,0.114548471826943,0.211488672302615,0.153065775901675,0.23505522691416,0.230177120828502,0.292595297830658,0.273434009016423,0.339333082471742,0.203368816619339,0.396220765936776,0.177076720449733,0.532348732898486,0.382982657485073,0.196389005239622,0.15685755305531,0.115071609821206,0.40834548789481,0.254062561246913,0.181599000597364,0.179659499763248,0.171335694259564,0.176010527106115,0.252838933900592,0.297121831434546,0.330560236508575,0.346345111194153,0.101115731936146,0.300871807142443,0.0714003105367683,0.554636080551342,0.278649757076064,0.182221711295544,0.147349991739028
0.273624610008274,0.113137333361441,0.191047571533822,0.083774712937019,0.49986881084369,0.336245514105332,0.266139496816943,0.364687565908897,0.254566436747545,0.176834541655603,0.331514761710262,0.168760303669336,0.406429366145444,0.439042127262766,0.295018807852173,0.134433640634332,0.0977966235379693,0.284798567286806,0.195978168468573,0.128342593888193,0.180401876891001,0.158496931782679,0.178788959030171,0.170535780406049,0.241009251605042,0.137475903208443,0.267134852395499,0.152906370335487,0.34182945945961,0.147223233559422,0.285221053521291,1,0.144242579927411,0.140892651017318,0.244984160921231,0.0818516358359305,0.157375596834089,0.0842593156868612,0.409169054357147,0.340647024695241,0.204979570700835,0.381512705930726,0.243817960799763,0.198258140481705,0.298976981153602,0.14495494276586,0.38434089691872,0.395314816064882,0.259890509815717,0.130475407046188,0.0534376461502735,0.281599701604503,0.197683161822422,0.12266370948373,0.161412951879195,0.127998743739705,0.150974869660553,0.18951286657872,0.205046475027823,0.119700106737434,0.243544238690736,0.146927490874172,0.327700135172135,0.107202851888097,0.235575977948733,0.547974368506918,0.149738703980271,0.132081965966954
0.393658701314678,0.421242506723663,0.28301145285586,0.29313288909485,0.198503492483669,0.318999919568549,0.281830660748177,0.24557627662111,0.346109545913272,0.198560833123341,0.375399578853595,0.313223716527899,0.278322483162287,0.322101005803895,0.32687793859683,0.40267921604578,0.417462887857752,0.228538577694701,0.400161002857717,0.227799370782128,0.50032550832887,0.424821459689805,0.514943034222841,0.296525496754345,0.362858271150041,0.310562890236348,0.407314602077169,0.218248965302775,0.659577530892838,0.423890348365325,0.124114251587997,0.144242579927411,1,0.635509671976003,0.374846249561585,0.415431904244306,0.268271190826301,0.266055972929384,0.193539384923182,0.296554220470514,0.271976375524368,0.222406984567072,0.359863429763509,0.184342179021588,0.330285660476958,0.308837915127553,0.259815738180386,0.307874112054247,0.302523439858271,0.41171723094876,0.424894261972502,0.258585576736886,0.413459063328563,0.211880955597619,0.482257314412909,0.405790057339833,0.501261436044856,0.291281174772561,0.353218219003584,0.306802359124593,0.420785288746133,0.213685671193839,0.635449711622321,0.439939411125141,0.161770192877717,0.120266870345496,0.731429933174114,0.578859481947904
