1,0.134985296,0.153918484,0.390239178,0.214207919,0.491447887,0.385030367,0.398699896,0.292971411,0.393396572,0.252387603,0.434462886,0.215899444,0.542660862,0.298317763,0.388617519,0.379061509,0.208629624,0.228850392,0.169839305,0.50525503,0.203071965,0.453247214,0.360781617,0.125618309,0.145219678,0.34550956,0.402634673,0.701518102,0.316996692,0.342496894,0.120878428,0.303275772,0.389237006,0.6951232,0.056791069,0.21446553,0.388698771,0.154023004,0.523933705,0.404061827,0.425521077,0.146195597,0.386916836,0.313245727,0.44237705,0.274032662,0.538433925,0.348038926,0.389082136,0.373285491,0.1833647,0.284770726,0.195609776,0.489819409,0.184070757,0.471344494,0.349743726,0.0502878845,0.268299438,0.344298619,0.416221688,0.672431343,0.418088191,0.305184281,0.195482128,0.334407342,0.398088022
0.134985296,1,0.203329757,0.314667915,0.158874084,0.211944204,0.263538341,0.215900387,0.264235166,0.290931581,0.271601416,0.289519288,0.11984774,0.156661814,0.207049892,0.351104392,0.339088241,0.198686457,0.243659774,0.281862478,0.325669593,0.392357533,0.418323927,0.32619479,0.188307251,0.314571056,0.415821036,0.370255194,0.273395477,0.385794946,0.0897097393,0.0156325871,0.352684594,0.404745317,0.234244231,0.28628922,0.177383074,0.321958486,0.0754765501,0.253059622,0.261950412,0.20553177,0.183385041,0.282891509,0.273812123,0.290514946,0.0997793313,0.123977808,0.204135582,0.363182624,0.353111644,0.136765431,0.309358996,0.288978917,0.318206189,0.360706926,0.378348087,0.320659872,0.161344733,0.295106112,0.335485168,0.35795411,0.258925702,0.378829964,0.102486553,0.0665294361,0.342882065,0.376683408
0.153918484,0.203329757,1,0.28649972,0.161919031,0.239973981,0.658624769,0.453665933,0.36316968,0.371616453,0.422712469,0.280254289,0.184955536,0.517225876,0.176244769,0.188154573,0.498704002,0.465911093,0.490282764,0.354886364,0.246107591,0.365645173,0.379296234,0.442380732,0.243271921,0.697354932,0.597370691,0.347409544,0.265296354,0.491372822,0.234108027,0.0488642074,0.378981296,0.364186818,0.222408853,0.204666103,0.512366776,0.285173996,0.0416379197,0.244956057,0.523387396,0.305555635,0.289532215,0.346046079,0.466342322,0.287393655,0.204470981,0.356099006,0.233815521,0.154786871,0.419319209,0.427614568,0.440135422,0.374456412,0.225590236,0.379611725,0.25444155,0.407624009,0.243261284,0.532554636,0.496383519,0.304369466,0.224461823,0.340010173,0.186054046,0.0742719054,0.368034882,0.314143451
0.390239178,0.314667915,0.28649972,1,0.307562336,0.664190666,0.650770998,0.487572289,0.558310094,0.730532277,0.434835058,0.882866338,0.288865246,0.469075368,0.5028511,0.548789946,0.36944127,0.315125305,0.252335502,0.750303655,0.622184682,0.50307693,0.58067974,0.749687431,0.362004753,0.400265702,0.497340336,0.779834557,0.596275056,0.496533661,0.293281047,0.106410571,0.548427013,0.617236691,0.622875315,0.273031098,0.406743218,0.935542358,0.152522929,0.708108729,0.704357825,0.538067448,0.502457271,0.760683107,0.537461375,0.872900679,0.372716086,0.502261403,0.540059812,0.5549083,0.541067482,0.370540346,0.514689526,0.743733509,0.630887854,0.580403819,0.591333976,0.768583335,0.284864186,0.568859077,0.558283195,0.755804128,0.577676084,0.622039981,0.368872999,0.210967054,0.58407318,0.58109285
0.214207919,0.158874084,0.161919031,0.307562336,1,0.278885445,0.289980762,0.225294128,0.246674961,0.274481502,0.256196579,0.316813893,0.204803154,0.26953887,0.245223714,0.241281771,0.181986136,0.138640395,0.0743735923,0.217406148,0.262580463,0.194375822,0.267362438,0.308149754,0.169594634,0.164564413,0.269985044,0.29721159,0.315524587,0.186628314,0.14831864,0.0819973043,0.218205532,0.270860587,0.27782506,0.104182016,0.161154239,0.303926508,0.0528362045,0.300022211,0.297024519,0.251600256,0.187477537,0.278527312,0.234735871,0.317611843,0.199398431,0.25443815,0.203638121,0.228620484,0.204245579,0.131028018,0.179408493,0.223379567,0.259005327,0.235659076,0.246762253,0.306911021,0.116670333,0.218407969,0.266178593,0.294703044,0.27298316,0.235668735,0.176544966,0.10559459,0.239605339,0.249763117
0.491447887,0.211944204,0.239973981,0.664190666,0.278885445,1,0.625881985,0.633156524,0.449642793,0.721935512,0.346291323,0.729852978,0.281005496,0.556755005,0.567752061,0.480433971,0.313247484,0.279285186,0.199886948,0.386045334,0.579524427,0.335793141,0.515971419,0.567068428,0.23944076,0.273873466,0.43493497,0.719236723,0.634592772,0.372651529,0.335712283,0.131692321,0.368492968,0.526217134,0.641832165,0.157337503,0.436957525,0.674314126,0.166633228,0.824563984,0.691458891,0.651151414,0.352410069,0.736155582,0.497005255,0.723344845,0.376826216,0.627296907,0.612612873,0.503226421,0.485063037,0.326322188,0.42492603,0.43412581,0.566559698,0.374472509,0.538875838,0.5893985,0.160957393,0.493814599,0.486516337,0.714425687,0.632047829,0.526144755,0.395439828,0.224719104,0.398839618,0.531896501
0.385030367,0.263538341,0.658624769,0.650770998,0.289980762,0.625881985,1,0.648325246,0.610299675,0.706367474,0.51774069,0.659069702,0.378583558,0.705642079,0.459120041,0.435122487,0.454401868,0.48282238,0.370106145,0.536997579,0.487678841,0.539009002,0.516451738,0.780490654,0.406358884,0.602518043,0.673454673,0.695097807,0.553664974,0.569434751,0.363960589,0.108968375,0.529132234,0.54973998,0.54807225,0.254358116,0.607867321,0.638419986,0.145783937,0.618277583,0.85444997,0.558256734,0.51964953,0.695367365,0.628317128,0.646561628,0.449253282,0.617347654,0.526101513,0.413158571,0.544233352,0.480721519,0.538131542,0.567301827,0.482184231,0.583778216,0.469022182,0.754824349,0.378404232,0.688870393,0.663866639,0.64873892,0.517496691,0.553534677,0.396947652,0.196711143,0.527350212,0.513461376
0.398699896,0.215900387,0.453665933,0.487572289,0.225294128,0.633156524,0.648325246,1,0.352309778,0.564085543,0.426861726,0.500979575,0.252449421,0.613496613,0.388861045,0.343027672,0.428811807,0.420808714,0.351843683,0.2789127,0.435615069,0.336026292,0.482813761,0.444780017,0.209207367,0.483524286,0.476302319,0.649975815,0.532559183,0.532397392,0.25088408,0.114947202,0.351866677,0.458862777,0.507303977,0.182877307,0.505581074,0.484181227,0.145986752,0.618285147,0.643414514,0.677613561,0.294415669,0.561146582,0.535709194,0.521035844,0.32382253,0.59464586,0.441962326,0.344684722,0.525564597,0.450949648,0.487392263,0.332250038,0.419054193,0.35206923,0.45192295,0.465508979,0.155817499,0.540435027,0.513951478,0.629582237,0.53368368,0.542424216,0.313642775,0.176765162,0.370873323,0.453476311
0.292971411,0.264235166,0.36316968,0.558310094,0.246674961,0.449642793,0.610299675,0.352309778,1,0.551686792,0.366591164,0.593897211,0.34262151,0.482722786,0.412450487,0.445723708,0.321743131,0.246518886,0.211208291,0.537968565,0.511727006,0.513579558,0.473999536,0.732511494,0.39992309,0.351423042,0.515136324,0.529133232,0.456682755,0.413828297,0.333907369,0.0964404365,0.509079752,0.493067778,0.47697132,0.219934662,0.405327134,0.565167467,0.129393737,0.475360508,0.643517087,0.379886737,0.536538587,0.576582001,0.494466251,0.574267908,0.361621597,0.476182105,0.40328882,0.432554603,0.423337337,0.320537019,0.409161399,0.563408534,0.512791367,0.540538546,0.469819012,0.699021454,0.310485645,0.554470899,0.564842137,0.534239889,0.464052377,0.533182803,0.328502824,0.157966502,0.532710705,0.491408345
0.393396572,0.290931581,0.371616453,0.730532277,0.274481502,0.721935512,0.706367474,0.564085543,0.551686792,1,0.42495346,0.743797294,0.305884579,0.552466606,0.480806743,0.452734993,0.399136995,0.357274748,0.294077942,0.553604643,0.552518718,0.47033057,0.529394899,0.649927879,0.327356329,0.448036921,0.513328936,0.747502943,0.546647566,0.456079749,0.305589279,0.0832685371,0.476655526,0.566747533,0.570167583,0.231267301,0.498893329,0.728988651,0.162602885,0.712917886,0.750487215,0.557295386,0.456642589,0.928101039,0.57069642,0.732660463,0.381994758,0.569664282,0.524004603,0.438761841,0.509066,0.412405208,0.506277588,0.607635522,0.548069162,0.550972857,0.516838598,0.675466528,0.28054945,0.604564048,0.556954905,0.710296796,0.547592269,0.548406862,0.361110552,0.195023356,0.512104516,0.546072856
0.252387603,0.271601416,0.422712469,0.434835058,0.256196579,0.346291323,0.51774069,0.426861726,0.366591164,0.42495346,1,0.415737171,0.330242533,0.440495102,0.25799687,0.34639013,0.507309213,0.480158174,0.484847879,0.396294815,0.394956731,0.388030257,0.466950887,0.452508545,0.267536595,0.504060331,0.545615153,0.446563945,0.430394084,0.48077107,0.231487647,0.0680614111,0.43294067,0.479410034,0.3554379,0.260608461,0.284354526,0.43124438,0.11562299,0.352367462,0.427666809,0.324685334,0.260588282,0.410562774,0.466176968,0.41238339,0.244972178,0.294813915,0.284495606,0.344908779,0.412568881,0.357184693,0.494839236,0.397641234,0.398521098,0.417173106,0.410981484,0.43328348,0.22948739,0.413185048,0.444446811,0.434555104,0.362913186,0.455779183,0.228216751,0.146243784,0.423803516,0.427766385
0.434462886,0.289519288,0.280254289,0.882866338,0.316813893,0.729852978,0.659069702,0.500979575,0.593897211,0.743797294,0.415737171,1,0.272173258,0.502071024,0.554247805,0.603929858,0.379777987,0.289795516,0.257235557,0.750640383,0.679416392,0.480355541,0.625109915,0.757945513,0.335910448,0.369956728,0.527117254,0.788125548,0.633855074,0.487401154,0.359211051,0.108126612,0.559583288,0.628515407,0.661156144,0.258242698,0.435006056,0.882393166,0.160516591,0.764135762,0.726935943,0.566229178,0.505976916,0.794178221,0.562271886,0.918198323,0.378909115,0.547617978,0.602173481,0.618203119,0.545561894,0.35602506,0.522677912,0.762064897,0.685865348,0.548032885,0.647898244,0.781239383,0.261749871,0.58184541,0.565732578,0.780262418,0.621292442,0.650600125,0.419327601,0.229246665,0.593308175,0.620093708
0.215899444,0.11984774,0.184955536,0.288865246,0.204803154,0.281005496,0.378583558,0.252449421,0.34262151,0.305884579,0.330242533,0.272173258,1,0.369223046,0.24698014,0.247796314,0.138082823,0.331985523,0.103162409,0.233827954,0.275051358,0.326662802,0.254962316,0.439463888,0.409846076,0.148578954,0.368850664,0.261413966,0.324180149,0.183124008,0.230450222,0.134142682,0.30948785,0.315266687,0.272544707,0.179555374,0.236901648,0.302805578,0.132575124,0.292535432,0.365350208,0.282344997,0.328242279,0.315513989,0.293860062,0.273393308,0.409293587,0.345687513,0.286777536,0.238028618,0.171697426,0.222980465,0.186943854,0.274444697,0.275452549,0.297611051,0.244210436,0.399801074,0.318288226,0.25712133,0.403073599,0.264806777,0.321093385,0.24519535,0.236035136,0.165573968,0.29943386,0.290789384
0.542660862,0.156661814,0.517225876,0.469075368,0.26953887,0.556755005,0.705642079,0.613496613,0.482722786,0.552466606,0.440495102,0.502071024,0.369223046,1,0.353652757,0.328391145,0.433550926,0.451526147,0.361819763,0.305486802,0.418210635,0.336873939,0.43950847,0.525050305,0.354957637,0.386424449,0.582914618,0.48735387,0.600480128,0.423661664,0.475041339,0.165021007,0.387008455,0.438732386,0.574896174,0.134499774,0.44004788,0.478342782,0.157374292,0.559720476,0.648370139,0.563606906,0.350859825,0.550967742,0.526438049,0.5070437,0.419436249,0.714210178,0.408244391,0.309354893,0.436830418,0.463696189,0.424555538,0.354850448,0.407285226,0.367217311,0.405718805,0.499396627,0.247709998,0.484441022,0.579701584,0.50140721,0.582018859,0.45800118,0.441156846,0.222021515,0.378120385,0.420117528
0.298317763,0.207049892,0.176244769,0.5028511,0.245223714,0.567752061,0.459120041,0.388861045,0.412450487,0.480806743,0.25799687,0.554247805,0.24698014,0.353652757,1,0.472393643,0.219299641,0.176089869,0.120194413,0.359917665,0.497647616,0.330061312,0.431777705,0.53117977,0.249035894,0.192685188,0.368989727,0.534794465,0.444849235,0.306441478,0.268352123,0.0706250653,0.352535656,0.448666911,0.459178286,0.179868928,0.362148398,0.506931943,0.117976089,0.551431646,0.54209554,0.442293015,0.350813283,0.511123446,0.38124605,0.55066955,0.31625481,0.441129788,0.515502174,0.461687637,0.380212674,0.213162176,0.301025869,0.396854801,0.508632843,0.368782795,0.473486697,0.540854021,0.200041607,0.418115393,0.429783491,0.533795303,0.466254798,0.449717668,0.286085681,0.163350292,0.391758175,0.458928197
0.388617519,0.351104392,0.188154573,0.548789946,0.241281771,0.480433971,0.435122487,0.343027672,0.445723708,0.452734993,0.34639013,0.603929858,0.247796314,0.328391145,0.472393643,1,0.402296149,0.211779871,0.288177532,0.427146878,0.845872463,0.52976862,0.814553541,0.601661111,0.268372842,0.314661653,0.574427711,0.636090864,0.628595663,0.587770081,0.290696362,0.0324150031,0.600922332,0.686072799,0.569878589,0.340390095,0.323563238,0.582420588,0.145637553,0.547648088,0.510757775,0.414254422,0.368087429,0.493754657,0.474319087,0.586022172,0.296547895,0.385455197,0.494690609,0.856451975,0.54310981,0.229360171,0.457357059,0.474700313,0.84559165,0.521904155,0.818871695,0.607400535,0.17747219,0.495087896,0.550418554,0.668520675,0.61905954,0.726350218,0.2995254,0.156533563,0.64267931,0.692956085
0.379061509,0.339088241,0.498704002,0.36944127,0.181986136,0.313247484,0.454401868,0.428811807,0.321743131,0.399136995,0.507309213,0.379777987,0.138082823,0.433550926,0.219299641,0.402296149,1,0.418203922,0.660485609,0.33079297,0.431027705,0.391459776,0.59054848,0.366771855,0.162536657,0.601674958,0.621290462,0.437303876,0.474475781,0.599315902,0.23513592,0.0312479264,0.435929461,0.548818593,0.409665271,0.277625782,0.300782888,0.367541811,0.0895974694,0.350352512,0.393736297,0.306389431,0.159217343,0.376003662,0.447859675,0.382790794,0.150340507,0.317530604,0.258850756,0.387823706,0.556411215,0.31949597,0.552288205,0.336911748,0.422675984,0.373375513,0.487217784,0.35542993,0.134301835,0.433162579,0.449207333,0.421923941,0.433363807,0.524887038,0.17644923,0.116845519,0.445625821,0.493040649
0.208629624,0.198686457,0.465911093,0.315125305,0.138640395,0.279285186,0.48282238,0.420808714,0.246518886,0.357274748,0.480158174,0.289795516,0.331985523,0.451526147,0.176089869,0.211779871,0.418203922,1,0.521318491,0.304552459,0.255292926,0.328756001,0.318685877,0.331519335,0.248082904,0.524751664,0.505193421,0.325872318,0.297008167,0.415524596,0.232487399,0.085229028,0.332175126,0.367647711,0.268080202,0.208570719,0.303265269,0.316212275,0.124125649,0.273311899,0.363728899,0.306437804,0.236741312,0.348030783,0.422742975,0.292967373,0.266142636,0.296648977,0.252854015,0.201439065,0.359354134,0.466520537,0.425729909,0.318712338,0.260087771,0.299975474,0.259930505,0.308093322,0.217980675,0.36027902,0.389755425,0.31983022,0.284380554,0.335555135,0.165788443,0.10977479,0.308228726,0.327428589
0.228850392,0.243659774,0.490282764,0.252335502,0.0743735923,0.199886948,0.370106145,0.351843683,0.211208291,0.294077942,0.484847879,0.257235557,0.103162409,0.361819763,0.120194413,0.288177532,0.660485609,0.521318491,1,0.302580749,0.32112225,0.329770351,0.447355531,0.247433623,0.123768837,0.581184294,0.534384968,0.326424298,0.31477492,0.52941308,0.254511095,0.0360754803,0.35800502,0.425659804,0.251855346,0.246257025,0.24042837,0.250516401,0.0735368803,0.199607287,0.251235698,0.225049179,0.122245872,0.274602342,0.386185798,0.254567789,0.0927583071,0.173964585,0.178791129,0.270181042,0.427367375,0.332961023,0.499542706,0.297504331,0.308998961,0.273114735,0.343935532,0.228005535,0.0788378554,0.30495662,0.324712311,0.320553073,0.27776243,0.401476192,0.139889888,0.0786773499,0.35311169,0.377685584
0.169839305,0.281862478,0.354886364,0.750303655,0.217406148,0.386045334,0.536997579,0.2789127,0.537968565,0.553604643,0.396294815,0.750640383,0.233827954,0.305486802,0.359917665,0.427146878,0.33079297,0.304552459,0.302580749,1,0.460439722,0.473177888,0.444492137,0.68373051,0.352541113,0.419792106,0.476854944,0.559141084,0.352970826,0.415192838,0.255188603,0.0660840165,0.570483993,0.489885034,0.3754266,0.277959169,0.352877498,0.737416088,0.0979777405,0.409420096,0.538139905,0.276289727,0.501652931,0.592847705,0.461079618,0.722365412,0.274222572,0.285963795,0.380100913,0.414419651,0.411268912,0.329232689,0.490794421,0.892340723,0.469210777,0.545024515,0.434103909,0.683940594,0.301930037,0.488985329,0.46788775,0.513639058,0.323879866,0.473188775,0.268867144,0.134662039,0.550810714,0.462155595
0.50525503,0.325669593,0.246107591,0.622184682,0.262580463,0.579524427,0.487678841,0.435615069,0.511727006,0.552518718,0.394956731,0.679416392,0.275051358,0.418210635,0.497647616,0.845872463,0.431027705,0.255292926,0.32112225,0.460439722,1,0.512306005,0.865390791,0.636673187,0.261526808,0.361890924,0.577857208,0.709295279,0.725501844,0.643565346,0.344873447,0.0451819394,0.629596243,0.737697542,0.665578758,0.294408701,0.389022084,0.65994177,0.201297736,0.639972352,0.579483974,0.511898989,0.414669489,0.579863995,0.536593003,0.679120736,0.33985709,0.498113267,0.553784339,0.838612737,0.593202127,0.290824055,0.513712791,0.521071431,0.93638306,0.533874346,0.873692974,0.664845585,0.16436525,0.569569765,0.595578702,0.743525399,0.711350872,0.789015673,0.364259724,0.19897135,0.683598759,0.740553512
0.203071965,0.392357533,0.365645173,0.50307693,0.194375822,0.335793141,0.539009002,0.336026292,0.513579558,0.47033057,0.388030257,0.480355541,0.326662802,0.336873939,0.330061312,0.52976862,0.391459776,0.328756001,0.329770351,0.473177888,0.512306005,1,0.559560051,0.616383972,0.354736708,0.473095693,0.560377485,0.548448221,0.420017091,0.577123253,0.23077347,0.0269949126,0.550980752,0.567827698,0.383640804,0.373850856,0.394230253,0.513145682,0.1126796,0.371240428,0.542991465,0.338600408,0.447361156,0.486557157,0.473110694,0.476151801,0.264533997,0.321166952,0.338265324,0.49434843,0.491483753,0.319117255,0.517574147,0.517814449,0.52151687,0.624713778,0.517810357,0.599711524,0.334225901,0.55411808,0.582589239,0.544257845,0.404672008,0.591930546,0.228959615,0.100720103,0.552965098,0.52662858
0.453247214,0.418323927,0.379296234,0.58067974,0.267362438,0.515971419,0.516451738,0.482813761,0.473999536,0.529394899,0.466950887,0.625109915,0.254962316,0.43950847,0.431777705,0.814553541,0.59054848,0.318685877,0.447355531,0.444492137,0.865390791,0.559560051,1,0.592083811,0.269624365,0.501228276,0.687842014,0.718148115,0.702040827,0.741839879,0.281662987,0.0572007937,0.667805206,0.777514325,0.604502663,0.379210667,0.385398984,0.607314423,0.182027079,0.576691601,0.549897613,0.491259876,0.34798406,0.53854058,0.560727836,0.622643612,0.281640393,0.434602885,0.489356546,0.800557532,0.675716956,0.315540603,0.578396716,0.491210047,0.840024937,0.555434752,0.87577719,0.609733172,0.187349244,0.572248401,0.628726722,0.726871722,0.675898002,0.799029726,0.306096384,0.165789424,0.697150451,0.752588027
0.360781617,0.32619479,0.442380732,0.749687431,0.308149754,0.567068428,0.780490654,0.444780017,0.732511494,0.649927879,0.452508545,0.757945513,0.439463888,0.525050305,0.53117977,0.601661111,0.366771855,0.331519335,0.247433623,0.68373051,0.636673187,0.616383972,0.592083811,1,0.455196126,0.456023561,0.628286223,0.691893444,0.595104953,0.528738524,0.385731858,0.113638455,0.627397035,0.61715838,0.587043812,0.338641689,0.518980837,0.747946918,0.1498549,0.609118547,0.810719985,0.466360822,0.642882904,0.687158746,0.568842495,0.734914796,0.474305309,0.550314655,0.557725805,0.587003078,0.52018034,0.339094594,0.511449594,0.707020334,0.639070553,0.674150398,0.588848317,0.913638596,0.401393785,0.660543357,0.684037758,0.67780932,0.566906718,0.638547723,0.414707016,0.21928953,0.636703557,0.604701323
0.125618309,0.188307251,0.243271921,0.362004753,0.169594634,0.23944076,0.406358884,0.209207367,0.39992309,0.327356329,0.267536595,0.335910448,0.409846076,0.354957637,0.249035894,0.268372842,0.162536657,0.248082904,0.123768837,0.352541113,0.261526808,0.354736708,0.269624365,0.455196126,1,0.230748232,0.411359289,0.276502604,0.263685696,0.228112679,0.214135836,0.0959995888,0.363033908,0.308161003,0.26883568,0.21185549,0.265354264,0.365491193,0.0833730322,0.27524298,0.415815286,0.239671579,0.361455972,0.345423788,0.344845501,0.332248939,0.326072437,0.328386725,0.25757309,0.242717213,0.243167634,0.275445012,0.280827384,0.372135845,0.265438337,0.417024886,0.251848773,0.454774126,0.396366378,0.392004947,0.483236039,0.291452199,0.259389256,0.283027494,0.196550593,0.100960063,0.327691818,0.302891498
0.145219678,0.314571056,0.697354932,0.400265702,0.164564413,0.273873466,0.602518043,0.483524286,0.351423042,0.448036921,0.504060331,0.369956728,0.148578954,0.386424449,0.192685188,0.314661653,0.601674958,0.524751664,0.581184294,0.419792106,0.361890924,0.473095693,0.501228276,0.456023561,0.230748232,1,0.640562449,0.49315341,0.308218736,0.650965829,0.157966697,0.0166166765,0.45608481,0.491313483,0.261586044,0.327641631,0.479824376,0.394210493,0.08046885,0.295790031,0.507853817,0.342183293,0.299659219,0.426073462,0.502408305,0.382987131,0.186197547,0.276680915,0.268774443,0.298879128,0.528742458,0.424199708,0.555374712,0.43553148,0.35668033,0.465951615,0.382889533,0.443504055,0.245055594,0.635285367,0.521784945,0.454905366,0.27423788,0.507832466,0.139686794,0.0682945022,0.440933481,0.436139185
0.34550956,0.415821036,0.597370691,0.497340336,0.269985044,0.43493497,0.673454673,0.476302319,0.515136324,0.513328936,0.545615153,0.527117254,0.368850664,0.582914618,0.368989727,0.574427711,0.621290462,0.505193421,0.534384968,0.476854944,0.577857208,0.560377485,0.687842014,0.628286223,0.411359289,0.640562449,1,0.563341752,0.54273009,0.637799416,0.398129822,0.102871718,0.599967899,0.634156588,0.473385167,0.389863405,0.42350278,0.509178395,0.147841298,0.464094496,0.583595424,0.413999173,0.407147895,0.507169094,0.560345312,0.522180785,0.327037057,0.444574812,0.417883169,0.565447185,0.576577151,0.409232929,0.566637652,0.502290343,0.576337333,0.559072388,0.610373876,0.594859637,0.319139769,0.576032918,0.699592866,0.558052252,0.513632258,0.608523606,0.309682918,0.167673348,0.592773654,0.609070805
0.402634673,0.370255194,0.347409544,0.779834557,0.29721159,0.719236723,0.695097807,0.649975815,0.529133232,0.747502943,0.446563945,0.788125548,0.261413966,0.48735387,0.534794465,0.636090864,0.437303876,0.325872318,0.326424298,0.559141084,0.709295279,0.548448221,0.718148115,0.691893444,0.276502604,0.49315341,0.563341752,1,0.632411988,0.674890492,0.296638934,0.0982052589,0.555042228,0.690737151,0.612022218,0.320610359,0.518671126,0.773213291,0.169888092,0.739408711,0.737537496,0.663252168,0.447727247,0.753205678,0.58946808,0.781887603,0.365419976,0.525095442,0.572948024,0.643174566,0.643092703,0.374749022,0.595080421,0.601665755,0.68700458,0.574818208,0.692852729,0.720189124,0.222451822,0.649316725,0.607391024,0.930914038,0.639193029,0.759194,0.361714182,0.213800136,0.608558671,0.667919098
0.701518102,0.273395477,0.265296354,0.596275056,0.315524587,0.634592772,0.553664974,0.532559183,0.456682755,0.546647566,0.430394084,0.633855074,0.324180149,0.600480128,0.444849235,0.628595663,0.474475781,0.297008167,0.31477492,0.352970826,0.725501844,0.420017091,0.702040827,0.595104953,0.263685696,0.308218736,0.54273009,0.632411988,1,0.53541632,0.382644228,0.142410362,0.575343661,0.643917904,0.769910495,0.217157997,0.346046876,0.603364955,0.188801054,0.677274222,0.587043225,0.549474626,0.319364385,0.556825309,0.486159845,0.637796221,0.384575136,0.59774638,0.510527267,0.63409935,0.550607265,0.289312579,0.469417109,0.38474506,0.713791483,0.43482725,0.690302668,0.59227485,0.191200841,0.467566128,0.547455879,0.652739164,0.817120836,0.643213256,0.386521263,0.24120294,0.576757116,0.625023498
0.316996692,0.385794946,0.491372822,0.496533661,0.186628314,0.372651529,0.569434751,0.532397392,0.413828297,0.456079749,0.48077107,0.487401154,0.183124008,0.423661664,0.306441478,0.587770081,0.599315902,0.415524596,0.52941308,0.415192838,0.643565346,0.577123253,0.741839879,0.528738524,0.228112679,0.650965829,0.637799416,0.674890492,0.53541632,1,0.243283986,0.0127720336,0.58967707,0.68219536,0.426391805,0.369053287,0.389987178,0.49830701,0.121611205,0.405871031,0.508930074,0.445971109,0.32478262,0.443338663,0.504835573,0.493945439,0.193654744,0.338860478,0.365966823,0.568370792,0.663593959,0.355842655,0.625810481,0.438856897,0.606695074,0.543851605,0.634141543,0.536307028,0.208138956,0.573196064,0.563955835,0.671017493,0.492777435,0.782003896,0.229167198,0.0996881967,0.593408657,0.620385669
0.342496894,0.0897097393,0.234108027,0.293281047,0.14831864,0.335712283,0.363960589,0.25088408,0.333907369,0.305589279,0.231487647,0.359211051,0.230450222,0.475041339,0.268352123,0.290696362,0.23513592,0.232487399,0.254511095,0.255188603,0.344873447,0.23077347,0.281662987,0.385731858,0.214135836,0.157966697,0.398129822,0.296638934,0.382644228,0.243283986,1,0.117932497,0.253793852,0.274804357,0.38891839,0.0608707989,0.185873072,0.305452481,0.123109458,0.361216168,0.355656945,0.294306508,0.252600852,0.342745743,0.281115,0.356090234,0.264957152,0.403471266,0.293381917,0.278979589,0.237091493,0.228536169,0.241991835,0.274702476,0.356926815,0.220451034,0.314209135,0.353673413,0.0908562997,0.233454768,0.33388834,0.350355397,0.391359026,0.33028196,0.402214207,0.159529991,0.293637016,0.302232309
0.120878428,0.0156325871,0.0488642074,0.106410571,0.0819973043,0.131692321,0.108968375,0.114947202,0.0964404365,0.0832685371,0.0680614111,0.108126612,0.134142682,0.165021007,0.0706250653,0.0324150031,0.0312479264,0.085229028,0.0360754803,0.0660840165,0.0451819394,0.0269949126,0.0572007937,0.113638455,0.0959995888,0.0166166765,0.102871718,0.0982052589,0.142410362,0.0127720336,0.117932497,1,0.0490638147,0.0640517683,0.0956734382,0.0201606952,0.0387378323,0.108415908,0.0314812801,0.158986044,0.0911922616,0.136952155,0.0708407467,0.100027979,0.08625762,0.109395077,0.123562677,0.138637238,0.132863736,0.0316720729,0.014416649,0.0326988283,0.0346902972,0.0649573258,0.0485758198,0.0415583759,0.0479558643,0.10631527,0.00321907936,0.00922067207,0.0672128367,0.091225953,0.136574179,0.0326960367,0.119760437,0.0979824667,0.0623857382,0.0406198395
0.303275772,0.352684594,0.378981296,0.548427013,0.218205532,0.368492968,0.529132234,0.351866677,0.509079752,0.476655526,0.43294067,0.559583288,0.30948785,0.387008455,0.352535656,0.600922332,0.435929461,0.332175126,0.35800502,0.570483993,0.629596243,0.550980752,0.667805206,0.627397035,0.363033908,0.45608481,0.599967899,0.555042228,0.575343661,0.58967707,0.253793852,0.0490638147,1,0.641644631,0.463144735,0.351083911,0.396033766,0.561464837,0.141340963,0.405500435,0.539716456,0.351889169,0.45613015,0.492835036,0.519389713,0.55235721,0.322497888,0.353345298,0.384243524,0.58298138,0.517822511,0.360516867,0.508724544,0.588028815,0.613462662,0.596445233,0.623037701,0.635298668,0.351882871,0.556065909,0.601841383,0.547858142,0.505255594,0.612359183,0.269468808,0.130459468,0.676550426,0.597569712
0.389237006,0.404745317,0.364186818,0.617236691,0.270860587,0.526217134,0.54973998,0.458862777,0.493067778,0.566747533,0.479410034,0.628515407,0.315266687,0.438732386,0.448666911,0.686072799,0.548818593,0.367647711,0.425659804,0.489885034,0.737697542,0.567827698,0.777514325,0.61715838,0.308161003,0.491313483,0.634156588,0.690737151,0.643917904,0.68219536,0.274804357,0.0640517683,0.641644631,1,0.559396049,0.375626318,0.418861753,0.626105528,0.166180635,0.569757584,0.579126886,0.486601335,0.386887581,0.566288671,0.552729895,0.628281473,0.326198353,0.437961797,0.47875583,0.668565519,0.635763725,0.359113156,0.590916987,0.520600183,0.722237989,0.584249202,0.72040033,0.638282584,0.269758753,0.587488359,0.619388543,0.690315186,0.615125019,0.73073441,0.298660418,0.192299707,0.649472864,0.716612744
0.6951232,0.234244231,0.222408853,0.622875315,0.27782506,0.641832165,0.54807225,0.507303977,0.47697132,0.570167583,0.3554379,0.661156144,0.272544707,0.574896174,0.459178286,0.569878589,0.409665271,0.268080202,0.251855346,0.3754266,0.665578758,0.383640804,0.604502663,0.587043812,0.26883568,0.261586044,0.473385167,0.612022218,0.769910495,0.426391805,0.38891839,0.0956734382,0.463144735,0.559396049,1,0.173602747,0.40962627,0.639788004,0.181708301,0.717736149,0.667619655,0.60559945,0.329603843,0.609217991,0.490544623,0.685057458,0.369312564,0.709203425,0.512775702,0.582175606,0.571999177,0.312949051,0.489007005,0.41675484,0.697781253,0.412010981,0.665156459,0.604641314,0.165985566,0.515540128,0.561129241,0.655076084,0.820310575,0.655951045,0.420280376,0.239506186,0.525345042,0.590086307
0.056791069,0.28628922,0.204666103,0.273031098,0.104182016,0.157337503,0.254358116,0.182877307,0.219934662,0.231267301,0.260608461,0.258242698,0.179555374,0.134499774,0.179868928,0.340390095,0.277625782,0.208570719,0.246257025,0.277959169,0.294408701,0.373850856,0.379210667,0.338641689,0.21185549,0.327641631,0.389863405,0.320610359,0.217157997,0.369053287,0.0608707989,0.0201606952,0.351083911,0.375626318,0.173602747,1,0.198440537,0.280571175,0.0331244859,0.174594525,0.267174095,0.179315386,0.23233543,0.237419923,0.283879325,0.243082455,0.120946124,0.114907393,0.176801406,0.346368381,0.32110057,0.152604681,0.363803788,0.287526741,0.3136374,0.399735122,0.350779672,0.328288889,0.227216691,0.326000101,0.378739157,0.320983132,0.201088384,0.365768511,0.0806200306,0.04270323,0.341115354,0.343192106
0.21446553,0.177383074,0.512366776,0.406743218,0.161154239,0.436957525,0.607867321,0.505581074,0.405327134,0.498893329,0.284354526,0.435006056,0.236901648,0.44004788,0.362148398,0.323563238,0.300782888,0.303265269,0.24042837,0.352877498,0.389022084,0.394230253,0.385398984,0.518980837,0.265354264,0.479824376,0.42350278,0.518671126,0.346046876,0.389987178,0.185873072,0.0387378323,0.396033766,0.418861753,0.40962627,0.198440537,1,0.415060144,0.120858379,0.448628816,0.726693898,0.499760305,0.419162153,0.503980309,0.559851085,0.453181606,0.387433792,0.574613353,0.398587703,0.304734089,0.514793464,0.469604186,0.483024286,0.421678273,0.392393863,0.454615731,0.387388735,0.565209248,0.307982013,0.723151209,0.632542498,0.498478574,0.393523935,0.491381554,0.272666684,0.141900482,0.39513991,0.414962802
0.388698771,0.321958486,0.285173996,0.935542358,0.303926508,0.674314126,0.638419986,0.484181227,0.565167467,0.728988651,0.43124438,0.882393166,0.302805578,0.478342782,0.506931943,0.582420588,0.367541811,0.316212275,0.250516401,0.737416088,0.65994177,0.513145682,0.607314423,0.747946918,0.365491193,0.394210493,0.509178395,0.773213291,0.603364955,0.49830701,0.305452481,0.108415908,0.561464837,0.626105528,0.639788004,0.280571175,0.415060144,1,0.159788977,0.721805358,0.71085373,0.553107249,0.507275595,0.777796966,0.545001932,0.882442495,0.366810676,0.522540215,0.54451329,0.578559618,0.549034232,0.373466895,0.521597492,0.770675601,0.668017426,0.586453724,0.62110316,0.778779636,0.286090349,0.583681555,0.574569189,0.770387472,0.594846906,0.64355122,0.390836449,0.212155074,0.601826467,0.592690198
0.154023004,0.0754765501,0.0416379197,0.152522929,0.0528362045,0.166633228,0.145783937,0.145986752,0.129393737,0.162602885,0.11562299,0.160516591,0.132575124,0.157374292,0.117976089,0.145637553,0.0895974694,0.124125649,0.0735368803,0.0979777405,0.201297736,0.1126796,0.182027079,0.1498549,0.0833730322,0.08046885,0.147841298,0.169888092,0.188801054,0.121611205,0.123109458,0.0314812801,0.141340963,0.166180635,0.181708301,0.0331244859,0.120858379,0.159788977,1,0.18090295,0.171996938,0.177892865,0.118509868,0.159821274,0.124844411,0.159461234,0.122152623,0.180356791,0.194536435,0.152630746,0.139347117,0.0919252042,0.128554896,0.118782932,0.200644744,0.106875052,0.190130449,0.162293064,0.0804355224,0.135083397,0.173121732,0.173250656,0.188796427,0.170477684,0.0876022044,0.106330938,0.1409916,0.177461693
0.523933705,0.253059622,0.244956057,0.708108729,0.300022211,0.824563984,0.618277583,0.618285147,0.475360508,0.712917886,0.352367462,0.764135762,0.292535432,0.559720476,0.551431646,0.547648088,0.350352512,0.273311899,0.199607287,0.409420096,0.639972352,0.371240428,0.576691601,0.609118547,0.27524298,0.295790031,0.464094496,0.739408711,0.677274222,0.405871031,0.361216168,0.158986044,0.405500435,0.569757584,0.717736149,0.174594525,0.448628816,0.721805358,0.18090295,1,0.730346232,0.726643845,0.362388085,0.759142099,0.514113522,0.77731546,0.392135251,0.669065172,0.644503753,0.56953374,0.527994742,0.331582121,0.45462016,0.466869952,0.645702203,0.403771468,0.624526764,0.636434135,0.155796104,0.530776028,0.524209716,0.771833813,0.71051571,0.608215136,0.424114286,0.244238381,0.474967588,0.581112463
0.404061827,0.261950412,0.523387396,0.704357825,0.297024519,0.691458891,0.85444997,0.643414514,0.643517087,0.750487215,0.427666809,0.726935943,0.365350208,0.648370139,0.54209554,0.510757775,0.393736297,0.363728899,0.251235698,0.538139905,0.579483974,0.542991465,0.549897613,0.810719985,0.415815286,0.507853817,0.583595424,0.737537496,0.587043225,0.508930074,0.355656945,0.0911922616,0.539716456,0.579126886,0.667619655,0.267174095,0.726693898,0.71085373,0.171996938,0.730346232,1,0.676937408,0.580766564,0.77746838,0.67185522,0.734447956,0.487853499,0.759436556,0.596793495,0.501356242,0.607164191,0.489874523,0.56675349,0.608363729,0.595414264,0.631152729,0.563479142,0.849352765,0.369144334,0.796767454,0.749719363,0.735793829,0.611658978,0.650881434,0.452611,0.219875978,0.567388177,0.572677922
0.425521077,0.20553177,0.305555635,0.538067448,0.251600256,0.651151414,0.558256734,0.677613561,0.379886737,0.557295386,0.324685334,0.566229178,0.282344997,0.563606906,0.442293015,0.414254422,0.306389431,0.306437804,0.225049179,0.276289727,0.511898989,0.338600408,0.491259876,0.466360822,0.239671579,0.342183293,0.413999173,0.663252168,0.549474626,0.445971109,0.294306508,0.136952155,0.351889169,0.486601335,0.60559945,0.179315386,0.499760305,0.553107249,0.177892865,0.726643845,0.676937408,1,0.330455306,0.603890235,0.518394354,0.597800831,0.369991887,0.692227471,0.494639045,0.433300154,0.517194833,0.409983201,0.464171682,0.349954074,0.519630149,0.359330812,0.526906203,0.516561668,0.136964689,0.533267647,0.537065905,0.717240096,0.621076039,0.607024953,0.364320374,0.235728903,0.400760493,0.494287775
0.146195597,0.183385041,0.289532215,0.502457271,0.187477537,0.352410069,0.51964953,0.294415669,0.536538587,0.456642589,0.260588282,0.505976916,0.328242279,0.350859825,0.350813283,0.368087429,0.159217343,0.236741312,0.122245872,0.501652931,0.414669489,0.447361156,0.34798406,0.642882904,0.361455972,0.299659219,0.407147895,0.447727247,0.319364385,0.32478262,0.252600852,0.0708407467,0.45613015,0.386887581,0.329603843,0.23233543,0.419162153,0.507275595,0.118509868,0.362388085,0.580766564,0.330455306,1,0.487582743,0.438723927,0.521675469,0.354210665,0.398745496,0.363556098,0.352930293,0.331945406,0.292953649,0.344956038,0.542707601,0.42250056,0.544223998,0.374655263,0.681096125,0.363878471,0.519416812,0.52995691,0.450936893,0.319390096,0.415420772,0.276287401,0.109237762,0.442935837,0.384821097
0.386916836,0.282891509,0.346046079,0.760683107,0.278527312,0.736155582,0.695367365,0.561146582,0.576582001,0.928101039,0.410562774,0.794178221,0.315513989,0.550967742,0.511123446,0.493754657,0.376003662,0.348030783,0.274602342,0.592847705,0.579863995,0.486557157,0.53854058,0.687158746,0.345423788,0.426073462,0.507169094,0.753205678,0.556825309,0.443338663,0.342745743,0.100027979,0.492835036,0.566288671,0.609217991,0.237419923,0.503980309,0.777796966,0.159821274,0.759142099,0.77746838,0.603890235,0.487582743,1,0.570226349,0.789273041,0.394349638,0.603066181,0.556596097,0.483467107,0.517651635,0.40700974,0.512887426,0.663877387,0.588785564,0.55730074,0.552963245,0.711273091,0.289837247,0.616940087,0.577352205,0.748732846,0.582290766,0.583068499,0.400112888,0.206271814,0.532759709,0.556988324
0.313245727,0.273812123,0.466342322,0.537461375,0.234735871,0.497005255,0.628317128,0.535709194,0.494466251,0.57069642,0.466176968,0.562271886,0.293860062,0.526438049,0.38124605,0.474319087,0.447859675,0.422742975,0.386185798,0.461079618,0.536593003,0.473110694,0.560727836,0.568842495,0.344845501,0.502408305,0.560345312,0.58946808,0.486159845,0.504835573,0.281115,0.08625762,0.519389713,0.552729895,0.490544623,0.283879325,0.559851085,0.545001932,0.124844411,0.514113522,0.67185522,0.518394354,0.438723927,0.570226349,1,0.555739445,0.404520755,0.548183645,0.43629935,0.44888704,0.547626108,0.560893649,0.580891579,0.512661091,0.541693235,0.518520193,0.533209338,0.5994204,0.320075922,0.659543707,0.627255609,0.59459193,0.485656865,0.58660381,0.326500613,0.185201631,0.524007396,0.542005887
0.44237705,0.290514946,0.287393655,0.872900679,0.317611843,0.723344845,0.646561628,0.521035844,0.574267908,0.732660463,0.41238339,0.918198323,0.273393308,0.5070437,0.55066955,0.586022172,0.382790794,0.292967373,0.254567789,0.722365412,0.679120736,0.476151801,0.622643612,0.734914796,0.332248939,0.382987131,0.522180785,0.781887603,0.637796221,0.493945439,0.356090234,0.109395077,0.55235721,0.628281473,0.685057458,0.243082455,0.453181606,0.882442495,0.159461234,0.77731546,0.734447956,0.597800831,0.521675469,0.789273041,0.555739445,1,0.377648218,0.58051106,0.611404206,0.602591261,0.573162568,0.363680316,0.539915303,0.761127837,0.690706139,0.540100217,0.652971841,0.774579691,0.242453152,0.59808027,0.577741425,0.780959364,0.642748067,0.669268826,0.421402216,0.215771846,0.594696038,0.619452395
0.274032662,0.0997793313,0.204470981,0.372716086,0.199398431,0.376826216,0.449253282,0.32382253,0.361621597,0.381994758,0.244972178,0.378909115,0.409293587,0.419436249,0.31625481,0.296547895,0.150340507,0.266142636,0.0927583071,0.274222572,0.33985709,0.264533997,0.281640393,0.474305309,0.326072437,0.186197547,0.327037057,0.365419976,0.384575136,0.193654744,0.264957152,0.123562677,0.322497888,0.326198353,0.369312564,0.120946124,0.387433792,0.366810676,0.122152623,0.392135251,0.487853499,0.369991887,0.354210665,0.394349638,0.404520755,0.377648218,1,0.460516141,0.344255076,0.264542099,0.266723286,0.2847034,0.249961658,0.319414069,0.332636827,0.323716937,0.296025947,0.463969886,0.347387146,0.386223919,0.440478176,0.364597848,0.371673825,0.306945761,0.311521634,0.175578712,0.300739893,0.311266264
0.538433925,0.123977808,0.356099006,0.502261403,0.25443815,0.627296907,0.617347654,0.59464586,0.476182105,0.569664282,0.294813915,0.547617978,0.345687513,0.714210178,0.441129788,0.385455197,0.317530604,0.296648977,0.173964585,0.285963795,0.498113267,0.321166952,0.434602885,0.550314655,0.328386725,0.276680915,0.444574812,0.525095442,0.59774638,0.338860478,0.403471266,0.138637238,0.353345298,0.437961797,0.709203425,0.114907393,0.574613353,0.522540215,0.180356791,0.669065172,0.759436556,0.692227471,0.398745496,0.603066181,0.548183645,0.58051106,0.460516141,1,0.485776288,0.389595545,0.495536956,0.428742615,0.421255253,0.366451307,0.516064716,0.387537648,0.482198865,0.582990846,0.2462972,0.593737707,0.636671404,0.56831519,0.683394586,0.53726351,0.462729046,0.251032327,0.39365164,0.466290459
0.348038926,0.204135582,0.233815521,0.540059812,0.203638121,0.612612873,0.526101513,0.441962326,0.40328882,0.524004603,0.284495606,0.602173481,0.286777536,0.408244391,0.515502174,0.494690609,0.258850756,0.252854015,0.178791129,0.380100913,0.553784339,0.338265324,0.489356546,0.557725805,0.25757309,0.268774443,0.417883169,0.572948024,0.510527267,0.365966823,0.293381917,0.132863736,0.384243524,0.47875583,0.512775702,0.176801406,0.398587703,0.54451329,0.194536435,0.644503753,0.596793495,0.494639045,0.363556098,0.556596097,0.43629935,0.611404206,0.344255076,0.485776288,1,0.514110957,0.433937058,0.271368725,0.378687907,0.412579856,0.554043975,0.362677437,0.526796686,0.590649883,0.16999773,0.459982279,0.456704918,0.580819713,0.52498599,0.48725077,0.29846394,0.197342689,0.413549495,0.495870659
