1,0.0813725231585946,0.288449768299936,0.157987631937761,0.173658610284077,0.298889748760129,0.404900868787713,0.335818886259142,0.255014908103981,0.312453205144925,0.263475532832142,0.126164115366207,0.287326301149803,0.653751002887323,0.135402992553932,0.166494889217753,0.404670238059382,0.348391088728589,0.454521034471378,0.103466820499524,0.197447632083267,0.147509370270321,0.209336182811121,0.197143910451208,0.182280175162267,0.229719373925603,0.389668494590486,0.0964178401819735,0.734433127340137,0.334384311870086,0.24960357417957,0.326146572579376,0.349628588173869,0.18387613208149,0.729225866343163,0.101352735181567,0.239948213493937,0.142205111303921,0.194581077641881,0.289179299940316,0.359632033586199,0.325707404962116,0.233592266302333,0.292361994061689,0.212820516886727,0.139206646776129,0.272338778886871,0.589791974954414,0.1402392339604,0.186125590146142,0.231582988899199,0.269768679813564,0.357577245632265,0.0907769249627175,0.210270513889095,0.101375447699212,0.193467366077635,0.193001325684532,0.19872582421623,0.212787959315086,0.322668623145193,0.0974714899036796,0.64859389604131,0.207598649712924,0.224306517674724,0.334198189389607,0.290556714431352,0.18045081736547
0.0813725231585946,1,0.271843941416988,0.222042432487503,0.234773338589743,0.220525125998607,0.118215359672888,0.167977481097248,0.180581466699762,0.0953178572664673,0.348171500613591,0.213372504242893,0.12618963430213,0.0560223250126535,0.162736021008478,0.275603926433287,0.483611539247382,0.0433590766795611,0.305289006583688,0.184993584686206,0.323634282028643,0.604670662147561,0.450107751844961,0.282054599266931,0.487105474144198,0.386177912656663,0.516381460408228,0.285258096855705,0.244115238412253,0.408808305128495,0.0578929195606756,0.0393666273341926,0.333155387804071,0.639718105839682,0.091925127915537,0.792809381114782,0.208288159026836,0.216294608150545,0.227996126892542,0.21848297784861,0.110031885014359,0.121984707629261,0.163841265759096,0.122911229127372,0.267500564983325,0.21618396744366,0.0818960901109281,0.0396909415947754,0.180272099790537,0.283163433870269,0.442056628443121,0.0591313861882826,0.313221919567537,0.191410128243872,0.315831531641473,0.572324889811119,0.438591165753951,0.236831232352736,0.395507475990546,0.312203697260191,0.48502505955775,0.287629398524902,0.237937049486539,0.421924882044015,-0.0138351807959305,0.02467362030843,0.346468332499996,0.611119824628875
0.288449768299936,0.271843941416988,1,0.151663054396012,0.198727830170694,0.201395001961327,0.642526165965568,0.383061072226188,0.270474105737502,0.136298754990476,0.422059797919019,0.110330406139128,0.290184880526981,0.491373260528769,0.172129836146332,0.207737913023463,0.507976618227211,0.431165094620556,0.429738976831478,0.145468808827313,0.180341958554471,0.422736172989007,0.325008404313755,0.396435236984438,0.253241162312469,0.619576999807444,0.688165317730296,0.275315942075818,0.245022420990142,0.426818594741451,0.242102247609886,0.18954666804876,0.214426132827158,0.183322941318717,0.173084810897162,0.262792238959663,0.698266485693759,0.134188541644628,0.200778381913318,0.17071977643163,0.49424613637209,0.295742822480164,0.271209148637289,0.118356261267844,0.360941437476993,0.0950342162238808,0.276835376830942,0.37664000354379,0.161716439065805,0.193762357017138,0.330406892038975,0.368224869079402,0.260421939988784,0.137703933595066,0.174858055390413,0.348236020333665,0.276599213600457,0.341461869955791,0.239705461944353,0.45244605441072,0.560890261916485,0.195249228954406,0.204532892162573,0.17326478535668,0.228820515785503,0.108189887391189,0.180743328742708,0.130379091627197
0.157987631937761,0.222042432487503,0.151663054396012,1,0.0845690133351033,0.359143852555245,0.271741809006876,0.108030123230063,0.412159838477886,0.372735691428014,0.113137756989028,0.812931013976748,0.133254959140539,0.125524416348469,0.376036900533883,0.353369515059322,0.166415969949366,0.0364795230554615,0.145484082510289,0.733391610083461,0.343079501120214,0.299929443595556,0.382239318108631,0.531363345244834,0.186709959113567,0.191248521318469,0.225599022626712,0.432409266965851,0.271413921742862,0.179888007555442,0.122549072055457,0.0277330125089287,0.297117742221978,0.271423462078006,0.176533255309343,0.256809446944134,0.170622959650803,0.908723052823421,0.0676013568369318,0.363858486356313,0.258634010445663,0.0676248490772047,0.414838814801621,0.354709234611165,0.111470733585926,0.799508912930332,0.103324176688697,0.123150294977758,0.399059791871572,0.34454564088871,0.173421888167351,0.0345017300814271,0.161298805091292,0.671422797965252,0.339975465859738,0.304806017861355,0.377724411083216,0.511120518570085,0.1827976279763,0.203333797433311,0.23253932107126,0.415383801254521,0.244167820707446,0.192216075898198,0.0500783152044089,-0.00106519411605974,0.259533194746599,0.26576747636628
0.173658610284077,0.234773338589743,0.198727830170694,0.0845690133351032,1,0.424524070329575,0.246083841819735,0.495830570074691,0.21018619588184,0.199337229656041,0.367190589702001,0.139063691822432,0.318528572311624,0.327169437649095,0.31250306061725,0.132287061376027,0.142592073286515,0.217917463503182,0.146020979739338,0.0718714627982434,0.103954229881684,0.286230872235504,0.153036581364826,0.172671437722699,0.248610635312997,0.166901625906691,0.248044009375871,0.184723392119196,0.249655058705486,0.175056134764741,0.18599926382422,0.46774853664353,0.173516144787928,0.248597143565407,0.161793667444773,0.20976169055797,0.162442555110392,0.0871973605059414,0.545703103046397,0.388831211486563,0.185272250406541,0.444422004530091,0.210027641197392,0.214882520343618,0.346879495967751,0.13863207062566,0.297335331050496,0.315416163661668,0.289509333484632,0.15858164656158,0.15807712369002,0.180642434298814,0.184528033514873,0.0842361604757146,0.130331854344659,0.265888005704347,0.163025297633638,0.152934077325194,0.230094676482016,0.156239323492105,0.249310394803678,0.166629297064249,0.270136951439587,0.119676396492739,0.151956693511285,0.38479790816335,0.189930647387395,0.259366987506657
0.298889748760129,0.220525125998607,0.201395001961327,0.359143852555245,0.424524070329575,1,0.339734365749431,0.65287775639211,0.238694278295794,0.696707591772404,0.313397387036209,0.510695330312654,0.299551424576579,0.394995737495336,0.535171150763274,0.22616756142631,0.225386089440022,0.212592750652568,0.25815134516201,0.313942215125892,0.201113610391198,0.280580438404671,0.290677555748716,0.229634759447142,0.248519963054996,0.176387379048141,0.222584174811386,0.437749405277332,0.372951274302475,0.203235885823741,0.146462861539171,0.345088243047099,0.239392237064132,0.329242100015314,0.284510828937037,0.214403107839305,0.2272606359527,0.355568635242034,0.379185960397708,0.881431017730329,0.280432516643762,0.585715479769207,0.283133006788054,0.662371871812076,0.330561210539698,0.493152974032249,0.298606976107529,0.420360983807809,0.558276158198398,0.22769579791352,0.275859152573397,0.201746484773955,0.330201181563145,0.32179250482042,0.20272586846039,0.281216196500512,0.286975924759889,0.264720155288017,0.234812911824433,0.224776282416437,0.255089027432404,0.401034295003515,0.36838231146395,0.211383108140942,0.155161094330177,0.320708761038758,0.236643774528109,0.353363663624184
0.404900868787713,0.118215359672888,0.642526165965568,0.271741809006876,0.246083841819735,0.339734365749431,1,0.464383031885568,0.53550813041355,0.326946643290156,0.326527485462862,0.186031080760872,0.38066117578126,0.638743930293707,0.316692181855888,0.193540816936775,0.315476178217565,0.366856822324944,0.32844498877532,0.189291585614671,0.13017828947357,0.468779444645698,0.187621846993846,0.651585801564577,0.304615588561974,0.506889302256434,0.4898847537472,0.372804335472404,0.325278574941779,0.462525986166956,0.351733125038089,0.257525922521368,0.246682277246739,0.106783879343885,0.298495819672928,0.148649477224003,0.496685490080075,0.25666661810713,0.224340862596136,0.322002109637872,0.764217180994543,0.406827899706255,0.538357082876136,0.310253432545451,0.28620227140666,0.200829889431137,0.390631005663856,0.534346431308885,0.289954847989681,0.181314840006109,0.208534416669903,0.299172481071007,0.241777485941771,0.184581407910011,0.145547337138733,0.381793570710817,0.175346606455492,0.612240179155566,0.301309333017304,0.418391377267817,0.429517140604058,0.306241072714462,0.29329422689328,0.201008988809956,0.303898330558696,0.214515432290278,0.168737808734822,0.0953446801998046
0.335818886259142,0.167977481097248,0.383061072226188,0.108030123230063,0.495830570074691,0.65287775639211,0.464383031885568,1,0.134216799170736,0.459361259849537,0.423479203335704,0.1826361655807,0.318570052988375,0.554821880437683,0.278796513557801,0.145724513037023,0.270961077305338,0.333937857253804,0.262836958377991,0.0806959590222845,0.15236105237758,0.271868553452015,0.227243018771771,0.161505412926215,0.171599260442129,0.301871409934287,0.27851112643576,0.476089884039099,0.344275730121598,0.432118872899925,0.17898498799845,0.415329901969491,0.210031218192365,0.255926247006208,0.257912744072304,0.151568243256063,0.300320796051047,0.103892467108535,0.418019811363753,0.571744471796922,0.371159321185196,0.782837082746759,0.173550602177315,0.432780641148704,0.420880814769988,0.182798764461279,0.314886066320934,0.526830790748201,0.272492381432671,0.166898335008005,0.279689603223694,0.284007369519429,0.319743344740538,0.103293145385347,0.152269159328608,0.268348528088052,0.211890138758202,0.160385354714919,0.153035517954424,0.294376894593265,0.268850731755947,0.412699655943942,0.346714551026846,0.296528230042204,0.224229894855097,0.340809318561448,0.205422984140074,0.263750543498552
0.255014908103981,0.180581466699762,0.270474105737502,0.412159838477886,0.21018619588184,0.238694278295794,0.53550813041355,0.134216799170736,1,0.168886012720598,0.301331900058633,0.389945187507004,0.577033743038001,0.417190882024717,0.511699961813142,0.246228131811049,0.0917041643468226,0.234691539685252,0.250209656103527,0.327163590555915,0.204949395246214,0.5024984045095,0.188557179745711,0.704377614747701,0.518799124863525,0.237092113335586,0.418773919333719,0.0734092858364865,0.333118807915282,0.0843133930347959,0.372717588839976,0.240227427058281,0.284406687989277,0.1748381513071,0.203008686092367,0.21538538569338,0.193133475185259,0.377426388032077,0.208176779155992,0.230054803092745,0.38985724026868,0.103049542427753,0.847395762009294,0.155165151811253,0.221132874717089,0.371889716970378,0.51797540647873,0.319330033153505,0.45881185654722,0.231639380595553,-0.0088603207688284,0.176535042215131,0.130842008667439,0.294024551569951,0.200396608251312,0.399974964131194,0.173689303869279,0.600531512120256,0.479812758137711,0.173864305939483,0.307291543210228,0.0813235369296861,0.315690605325098,0.00965918614207136,0.264303606339619,0.195917111277657,0.257265210972271,0.155560566028095
0.312453205144925,0.0953178572664673,0.136298754990476,0.372735691428014,0.199337229656041,0.696707591772404,0.326946643290156,0.459361259849537,0.168886012720598,1,0.197548410234252,0.447973306403154,0.22591611679718,0.316683864126972,0.256470518446882,0.172846418615647,0.168870653346856,0.151090903083893,0.173395414385621,0.375786937865776,0.226027818105354,0.155098476513005,0.265901471133842,0.174848620061593,0.179658892633953,0.193594931766225,0.192271388307646,0.41805670867099,0.293994238029248,0.151380249610448,0.165530813606969,0.204018298228527,0.200295829305199,0.209953228839595,0.279306712667084,0.130641659966966,0.191004004382151,0.380208429165703,0.180710381408589,0.667257476580865,0.275079494000286,0.432020092003572,0.193279334879633,0.910589037439566,0.21845153486556,0.451758296679398,0.221669862221631,0.345824572703569,0.287195246436702,0.17377046199965,0.222542018574015,0.143843726343631,0.248722917069703,0.389167876792794,0.209106793115511,0.146482626017586,0.246754935730084,0.196843749531226,0.180305383892657,0.220597036106717,0.20540075349597,0.3847676610808,0.283075008483059,0.168553624060178,0.193203063144286,0.166608803020095,0.16867930233821,0.212066658897838
0.263475532832142,0.348171500613591,0.422059797919019,0.113137756989028,0.367190589702001,0.313397387036209,0.326527485462862,0.423479203335704,0.301331900058633,0.197548410234252,1,0.150569104240162,0.596909913824522,0.430001478581073,0.24604003443978,0.16866153954148,0.479050386812407,0.620579253713663,0.558374600381574,0.13819737241052,0.129092507251542,0.391286223975617,0.216204300858036,0.232383617999379,0.454435138466655,0.532187906698472,0.481156388751214,0.149366840908778,0.324870039809141,0.289629674481941,0.369027565759787,0.30211500259552,0.260949393962529,0.395890868017695,0.201899088146995,0.367293793444282,0.281902858890779,0.10303328445364,0.37191521035942,0.287732389891628,0.202896575025463,0.371649138771783,0.266573938302038,0.207563046996652,0.769346064628975,0.1561209332905,0.522351577842634,0.358160526045802,0.224464024738066,0.174297432951143,0.346256941146832,0.507769909909651,0.445074330500896,0.13749538006725,0.160841417040616,0.320266798113985,0.213353614958921,0.160300505293103,0.417363629330474,0.408091049097903,0.380904116520245,0.149001614060041,0.322344161006924,0.15733579366001,0.289395733250151,0.246087932319628,0.272427781312449,0.363793078289489
0.126164115366207,0.213372504242893,0.110330406139128,0.812931013976748,0.139063691822432,0.510695330312654,0.186031080760872,0.1826361655807,0.389945187507004,0.447973306403154,0.150569104240162,1,0.130270287642971,0.120429828170902,0.493104013312799,0.277893701947547,0.16147900769063,0.0498354552422883,0.135917667867029,0.82783271579407,0.3058565103588,0.258996016935448,0.354448111232844,0.398412584131947,0.174123114145474,0.128467304054323,0.17197424110079,0.370685637538622,0.25004299268001,0.137654390288711,0.090210570641574,0.0705757010465893,0.289095819640453,0.336089606998611,0.131195136212035,0.250655297366566,0.134874037832981,0.776805069012192,0.137011427230113,0.488184465259807,0.16012029249898,0.129701512043605,0.375637042152538,0.441725167095825,0.168385847952798,0.892023940596856,0.107351470343486,0.104587181504544,0.510486199469728,0.273533863785497,0.208000150331765,0.053069875887622,0.189253141148513,0.764649361713529,0.308543036083575,0.274400030713607,0.357990663710812,0.386046893501181,0.173710668043846,0.158519117807348,0.167283211797745,0.348544451493804,0.234126003410849,0.179432347131868,0.0179609310278191,0.0316471629393669,0.285992925553363,0.33635141088255
0.287326301149803,0.12618963430213,0.290184880526981,0.133254959140539,0.318528572311624,0.299551424576579,0.38066117578126,0.318570052988375,0.577033743038001,0.22591611679718,0.596909913824522,0.130270287642971,1,0.500215204743835,0.326336639379195,0.187442953783697,0.136462049196324,0.496310860862507,0.325385457192688,0.0769312630691728,0.141482615722586,0.30908994106216,0.147441980674381,0.319075330223333,0.553112274464815,0.300917256548956,0.445701421990915,0.0230255316007236,0.341889281579898,0.0952375651524811,0.566234107132095,0.3865801412668,0.198598441816712,0.153408761994748,0.220016815971075,0.141190843456196,0.199578612730876,0.131167543022926,0.297011682765377,0.29072663003484,0.254337226886806,0.304014292167882,0.513685523433204,0.201966649508942,0.509103308121935,0.146792562617187,0.808605124990381,0.422942863232603,0.282023592205388,0.190645948607504,0.0533002433765111,0.415969995702636,0.21211470598266,0.105697169011849,0.162824725546281,0.202804917900143,0.148670181493297,0.249787115692359,0.481831928678529,0.226281992700668,0.32871342289022,0.0357778993373679,0.339805115636099,-0.00964107859252605,0.446830817812175,0.325704676823985,0.219938771311234,0.149372049604947
0.653751002887323,0.0560223250126535,0.491373260528769,0.125524416348469,0.327169437649095,0.394995737495336,0.638743930293707,0.554821880437683,0.417190882024717,0.316683864126972,0.430001478581073,0.120429828170902,0.500215204743835,1,0.257360232548079,0.100249922216715,0.303530764333199,0.557060261452386,0.464516361957593,0.0992849421913042,0.106474120452507,0.263710840488074,0.122819725455849,0.284890256352558,0.309670123354924,0.348174969094895,0.515504286507046,0.114081902312232,0.583875431730311,0.357332647198052,0.422312310950842,0.456700659127123,0.244726736828938,0.14519573675622,0.526613496634479,0.0646663746762841,0.3498512393105,0.127913229751627,0.309020695586466,0.338955315312973,0.493219663113889,0.476155174662844,0.384188523006469,0.291565968988843,0.346268630378704,0.14449938024309,0.472898919334592,0.767744676196735,0.211499890168459,0.103811948291115,0.152252715462411,0.448549790076773,0.320417260025976,0.111960297694848,0.147387892793598,0.184920119811622,0.125021272131494,0.256388031307968,0.329720880595392,0.275391147187631,0.404421965642276,0.0935685852088897,0.531910512985357,0.130805477179618,0.36941929571107,0.414126685312381,0.232094647252485,0.140156959790492
0.135402992553932,0.162736021008478,0.172129836146332,0.376036900533883,0.31250306061725,0.535171150763274,0.316692181855888,0.278796513557801,0.511699961813142,0.256470518446882,0.24604003443978,0.493104013312799,0.326336639379195,0.257360232548079,1,0.202181557742499,0.0730620705906472,0.161652682863883,0.17212082297344,0.362370041446403,0.173303131089205,0.281324028811888,0.203755630943559,0.43408472707021,0.346523279227301,0.105177449914825,0.187006956209094,0.171381053132656,0.250481348819591,0.0556040242763146,0.152269422067761,0.238583717803397,0.215478028909428,0.225476620957431,0.132448834876523,0.176004430372773,0.182092642698912,0.33170414919408,0.284589280588509,0.519890620430814,0.271622720472348,0.267238474014529,0.550498507463543,0.213746441738444,0.245191873566447,0.46907326739959,0.343967090647348,0.263397601946435,0.802071619691518,0.197381898137618,0.124205303889109,0.174764393006955,0.198349230298262,0.327040422591624,0.155554886639418,0.254766346082742,0.177581461956161,0.445758907291046,0.313980268766484,0.12835307667046,0.204112302538117,0.137727304459261,0.244899752969046,0.049711887739111,0.100684242208316,0.237374287509104,0.192356543054658,0.225628935682941
0.166494889217753,0.275603926433287,0.207737913023463,0.353369515059322,0.132287061376027,0.22616756142631,0.193540816936775,0.145724513037023,0.246228131811049,0.172846418615647,0.16866153954148,0.277893701947547,0.187442953783697,0.100249922216715,0.202181557742499,1,0.180064906729655,0.0874824204828519,0.147168273766977,0.169230742387022,0.602932209425428,0.500209550623783,0.688575254939845,0.425867086815521,0.178543909902049,0.211664998775717,0.434519040742708,0.410878259747623,0.363425426694326,0.32070636272044,0.0795924635535989,0.106213083524134,0.344014362377123,0.406887854582019,0.241865951112294,0.246717210802188,0.21927895498366,0.327463802601313,0.126687684643035,0.252640373117497,0.201895181294616,0.140558726066026,0.237823246394047,0.190958845076168,0.135194781203314,0.265483253478912,0.127710444515934,0.149944458639655,0.22416334147564,0.888400622497008,0.1772629982554,0.0716302658060548,0.225651442968749,0.161433681835733,0.52949754234373,0.469174053517671,0.610835254933122,0.449255813676478,0.125851192205279,0.169593134316653,0.419176061530993,0.38759356517504,0.373722909488229,0.316192128098183,0.0454429359527208,0.0398644782597475,0.346902780860881,0.332256149132889
0.404670238059382,0.483611539247382,0.507976618227211,0.166415969949366,0.142592073286515,0.225386089440022,0.315476178217565,0.270961077305338,0.0917041643468226,0.168870653346856,0.479050386812407,0.16147900769063,0.136462049196324,0.303530764333199,0.0730620705906472,0.180064906729655,1,0.363343328298691,0.683625311866717,0.190659064048384,0.214675750669575,0.363073429418757,0.412520688415458,0.16972787409941,0.256825238322452,0.529000790272342,0.532621731068429,0.214590063171878,0.402617052476755,0.534524231377153,0.11643791352808,0.0865519157010995,0.355386018765669,0.53715133843933,0.302128606240488,0.469976804329649,0.352253237844177,0.165510558570538,0.174818790583083,0.213375712468186,0.228899962423652,0.215606400705384,0.0719247454384392,0.201897714409176,0.380839068580152,0.168511413690672,0.092937627695565,0.245312920216525,0.0875516676516381,0.183107887635577,0.627487972100501,0.303746467221349,0.54804162902444,0.174756091568706,0.220690710829497,0.316286941819698,0.353564210474838,0.126621983210981,0.22264934959418,0.387525421986809,0.424426054011182,0.183230408202191,0.342768329289475,0.388190306131749,0.0419508832554479,0.0685020737341961,0.321473901363772,0.463987220761562
0.348391088728589,0.0433590766795611,0.431165094620556,0.0364795230554615,0.217917463503182,0.212592750652568,0.366856822324944,0.333937857253804,0.234691539685252,0.151090903083893,0.620579253713663,0.0498354552422883,0.496310860862507,0.557060261452386,0.161652682863883,0.0874824204828519,0.363343328298691,1,0.623990900525804,0.0730997342218819,0.0340785293228166,0.156402407427189,0.0763772753956702,0.0544739185921603,0.26117404599894,0.408249298249513,0.451925933185101,-0.00190098262213388,0.308207753273978,0.178193841161529,0.370870406875344,0.282333150925441,0.175708446054871,0.0982883311169671,0.248538763143762,0.0507279126165681,0.231950889780401,0.0370046138227607,0.212086198650799,0.178311964127217,0.189827642725361,0.267699655848739,0.200458410093594,0.140145883170995,0.518718975038065,0.0507345510624403,0.441340375978809,0.433483417872361,0.115412141151654,0.0982607546700425,0.170009693756695,0.662909183698292,0.365403381186861,0.0531532355063818,0.0575221663979444,0.0582814940668839,0.0752908368244588,0.011847714029455,0.241198145998467,0.280352909405513,0.293708169414207,-0.0143716421078758,0.313418603282104,0.00326566608739551,0.254817845697493,0.232850696586235,0.162131465508273,0.106766782074039
0.454521034471378,0.305289006583688,0.429738976831478,0.145484082510289,0.146020979739338,0.25815134516201,0.32844498877532,0.262836958377991,0.250209656103527,0.173395414385621,0.558374600381574,0.135917667867029,0.325385457192688,0.464516361957593,0.17212082297344,0.147168273766977,0.683625311866717,0.623990900525804,1,0.169955229792832,0.109756260795053,0.277353973745906,0.238681541885266,0.161716340249624,0.32863892339128,0.446709884224522,0.52377717346068,0.0541756369929969,0.460378312128096,0.282666902256103,0.250637549601514,0.193087630754127,0.315954254251047,0.379429385933238,0.352052841356117,0.30924033776494,0.254696233982507,0.133437655997659,0.179816958306644,0.224543914622475,0.183325353065834,0.180517414853366,0.217533521068732,0.172677902687792,0.404664408125042,0.147566142408639,0.283302705926838,0.358913834694853,0.160946163580152,0.166122382232425,0.398838074514263,0.468434058747575,0.599857706202627,0.138867043076019,0.143339531615441,0.209921336638931,0.226576416073579,0.115927590864862,0.308472094364246,0.292704912180532,0.373335332274946,0.0539389727083877,0.421981927177592,0.148070638061033,0.142271020190679,0.1756633130753,0.30628101699606,0.352913726276259
0.103466820499524,0.184993584686206,0.145468808827313,0.733391610083461,0.0718714627982434,0.313942215125892,0.18929158561467,0.0806959590222845,0.327163590555915,0.375786937865776,0.13819737241052,0.82783271579407,0.0769312630691728,0.0992849421913042,0.362370041446403,0.169230742387022,0.190659064048384,0.0730997342218819,0.169955229792832,1,0.210844319928726,0.193734507702673,0.256338299784919,0.342679599093852,0.14479376762656,0.116265273451947,0.176486297273428,0.225808485529311,0.170463351845788,0.0755062958160867,0.0566745535330607,0.0343216917149744,0.240158931163386,0.234184359963905,0.0624584747723416,0.242299804308051,0.156687929373013,0.674715632376845,0.072421169428533,0.318328684888306,0.16616503426045,0.0342948071755222,0.323615444512966,0.361568195063971,0.131351366608254,0.749112736865717,0.0739697716451508,0.0600555406779155,0.356451905259883,0.167767460445243,0.20994903061709,0.0767504402916675,0.185916078818807,0.871844176497091,0.215224296234027,0.2160153414376,0.270397648960521,0.321616250756275,0.165171072381105,0.136110363844504,0.165853197159374,0.197701768255341,0.153946530283202,0.091115433228673,-0.00519177189775472,0.012130425380189,0.237136655992195,0.228546727654894
0.197447632083267,0.323634282028643,0.180341958554471,0.343079501120214,0.103954229881684,0.201113610391198,0.13017828947357,0.15236105237758,0.204949395246214,0.226027818105354,0.129092507251542,0.3058565103588,0.141482615722586,0.106474120452507,0.173303131089205,0.602932209425428,0.214675750669575,0.0340785293228166,0.109756260795053,0.210844319928726,1,0.352590507427757,0.841461165628966,0.298978682935438,0.124401295391914,0.169025661760667,0.393788382712676,0.421995650335529,0.365912349950153,0.431132622290585,0.112765761343359,0.081082253558205,0.356336147940735,0.534249188144912,0.262956548288763,0.28470991541621,0.206970833239228,0.32854315385976,0.136662948614839,0.251237345375259,0.1843002780991,0.140588328686675,0.194701054488392,0.240852238545523,0.135402773361205,0.298930632358314,0.0879354017993971,0.131464421160634,0.205023700918884,0.589266285702817,0.211134791098641,0.0323247117595299,0.190675928194361,0.211907526539172,0.829736953206584,0.369237865784792,0.719859252600037,0.324973271086742,0.0733908042485552,0.162160469800009,0.370178410542171,0.417035831845468,0.36724311360071,0.485336188016913,0.044862055278625,0.0857816274757316,0.366115654557748,0.482730200277903
0.147509370270321,0.604670662147561,0.422736172989007,0.299929443595556,0.286230872235504,0.280580438404671,0.468779444645698,0.271868553452015,0.5024984045095,0.155098476513005,0.391286223975617,0.258996016935448,0.30908994106216,0.263710840488074,0.281324028811888,0.500209550623783,0.363073429418757,0.156402407427189,0.277353973745906,0.193734507702673,0.352590507427757,1,0.467731570750437,0.593927273768719,0.500700831266991,0.455135486998546,0.543014066056072,0.357111665719205,0.304735669807993,0.469951158833975,0.176166347793497,0.103583713785295,0.37142602818016,0.474743169314307,0.143833252205858,0.562546367154414,0.333790709706367,0.284154656144279,0.296838857511494,0.268699753572182,0.378910925725324,0.210785331195219,0.461476350104869,0.172194879903217,0.320067940694977,0.242009324014042,0.256596713239174,0.218062703496008,0.259039305643674,0.472860892709587,0.317568518357223,0.124020233683346,0.2849950112964,0.185850938031073,0.33500551916781,0.816844823367284,0.450734329633798,0.527895475313366,0.426539820061088,0.358316939712014,0.496441454793879,0.360991221464042,0.306314668420933,0.392897306766248,0.145967256553127,0.0652221192578493,0.363998329827048,0.434921410948977
0.209336182811121,0.450107751844961,0.325008404313755,0.382239318108631,0.153036581364826,0.290677555748716,0.187621846993846,0.227243018771771,0.188557179745711,0.265901471133842,0.216204300858036,0.354448111232844,0.147441980674381,0.122819725455849,0.203755630943559,0.688575254939845,0.412520688415458,0.0763772753956703,0.238681541885266,0.256338299784919,0.841461165628966,0.467731570750437,1,0.32713278123688,0.183333742232257,0.268118936727875,0.530275065218649,0.501153796611786,0.402721432284795,0.490899547599567,0.0801703717557265,0.073485342835131,0.41577707932498,0.626011063457527,0.255863743995766,0.418437445157532,0.337808556742646,0.359854113078799,0.1591700796505,0.322404622774436,0.238079494206958,0.207734353872047,0.189689610149683,0.272020352351353,0.229019194568043,0.343297534216982,0.091077490192842,0.161978319196366,0.245645320334313,0.651869115899631,0.401883962723824,0.0976791613622019,0.328821002872004,0.253722117976624,0.722748794458239,0.468355258526892,0.836734675327876,0.355620970590941,0.121038457506582,0.265190386020056,0.488624048363767,0.463192957942095,0.401464145995896,0.519299738176494,0.0302801692284119,0.0468666386915525,0.414063392871739,0.561154861256704
0.197143910451208,0.282054599266931,0.396435236984438,0.531363345244834,0.172671437722699,0.229634759447142,0.651585801564577,0.161505412926215,0.704377614747701,0.174848620061593,0.232383617999379,0.398412584131947,0.319075330223333,0.284890256352558,0.43408472707021,0.425867086815521,0.169727874099411,0.0544739185921603,0.161716340249624,0.342679599093852,0.298978682935438,0.593927273768719,0.32713278123688,1,0.383489484676724,0.387996420338855,0.439266285607005,0.395065138707451,0.265630706243429,0.323574026292167,0.241246454903762,0.145383731417145,0.27998799214931,0.224979328136024,0.211248357462301,0.317777349698289,0.353368025306962,0.477469493314982,0.183446586781247,0.225950238450267,0.549012234261373,0.12049099247233,0.680142194384662,0.164033078812372,0.168690985309839,0.383435447869907,0.294692064367567,0.247098729798248,0.402116429563732,0.403860868679568,0.123120371588834,0.0517528206971653,0.145351313065099,0.316346371942012,0.292971027457378,0.527566396856597,0.324440279684363,0.87969725410106,0.352013851458327,0.330862756685819,0.417569971840539,0.373790190324433,0.256300289968742,0.201085807464776,0.156521559713702,0.113986661191171,0.227400677777574,0.193604885191938
0.182280175162267,0.487105474144198,0.253241162312469,0.186709959113567,0.248610635312997,0.248519963054996,0.304615588561974,0.171599260442129,0.518799124863525,0.179658892633953,0.454435138466655,0.174123114145474,0.553112274464815,0.309670123354924,0.346523279227301,0.178543909902049,0.256825238322452,0.26117404599894,0.32863892339128,0.14479376762656,0.124401295391914,0.500700831266991,0.183333742232258,0.383489484676724,1,0.399903589644761,0.519722209221777,0.0654707721463264,0.29845279748445,0.1685939683123,0.333975514269475,0.196722261423948,0.288530338192636,0.328720403658136,0.173873889944848,0.514413651121672,0.208470114668581,0.171222700371467,0.246788537262361,0.247945782341916,0.231101796096194,0.14173103799538,0.459639712237575,0.163255554592263,0.359493510429621,0.193118851460276,0.497715126978297,0.264596903532499,0.293792852748056,0.165647717798458,0.212720282191392,0.227052119784223,0.293651663947686,0.163345242363585,0.138291509456179,0.431970655091306,0.182676540517141,0.29412036483604,0.784558161517711,0.324724965363168,0.464579129021592,0.0724006118537425,0.27838331808582,0.101626372142597,0.219365171341823,0.133496231221732,0.266645826351984,0.315834291868933
0.229719373925603,0.386177912656663,0.619576999807444,0.191248521318469,0.166901625906691,0.176387379048141,0.506889302256434,0.301871409934287,0.237092113335586,0.193594931766225,0.532187906698472,0.128467304054323,0.300917256548956,0.348174969094895,0.105177449914825,0.211664998775717,0.529000790272342,0.408249298249513,0.446709884224522,0.116265273451947,0.169025661760667,0.455135486998546,0.268118936727875,0.387996420338855,0.399903589644761,1,0.586655578075238,0.27533300369501,0.246266772941254,0.456533445396833,0.354434861970473,0.0626313906972023,0.259223031793662,0.302343787052683,0.208072682437857,0.418222551040156,0.473771301290681,0.164074770121663,0.159855789775041,0.16162969117212,0.410480816575571,0.24495711622422,0.214456630009161,0.191712170839308,0.441288721508793,0.116522047773033,0.255079156865418,0.29023028329397,0.0967041574574903,0.205028054338069,0.418967346086142,0.359381402624719,0.371009796583578,0.129815379723156,0.159459072031568,0.391921211472329,0.237692332899863,0.317954917555851,0.347754953586343,0.745567332562113,0.508224710220544,0.225433963207272,0.221499341503714,0.27421726605967,0.228056775665895,0.00121525273399954,0.203646706905843,0.255744951923388
0.389668494590486,0.516381460408228,0.688165317730296,0.225599022626712,0.248044009375871,0.222584174811386,0.4898847537472,0.27851112643576,0.418773919333719,0.192271388307646,0.481156388751214,0.17197424110079,0.445701421990915,0.515504286507046,0.187006956209094,0.434519040742708,0.532621731068429,0.451925933185101,0.52377717346068,0.176486297273428,0.393788382712676,0.543014066056072,0.530275065218649,0.439266285607005,0.519722209221777,0.586655578075238,1,0.26038191392757,0.426075198746397,0.447912077514386,0.382239364859043,0.268974421388888,0.33248412285172,0.39919840471954,0.318262679079613,0.497134807154649,0.492816742022785,0.210328946522857,0.236497592681049,0.214130874530591,0.372803388899967,0.22772912281731,0.338106717462741,0.198306966126191,0.35593383649007,0.173377183754778,0.372752313067678,0.382936538160568,0.181108809122693,0.419288259533611,0.335833036160287,0.380446910232543,0.357591213812016,0.179189003099522,0.377647373896338,0.445747616674515,0.485293270786031,0.364637766775524,0.442577841859044,0.398599898200326,0.789973656101026,0.235539889520366,0.380539758610854,0.292746746608968,0.209247807514494,0.186271265100187,0.328479972519308,0.336426255915448
0.0964178401819735,0.285258096855705,0.275315942075818,0.432409266965851,0.184723392119196,0.437749405277332,0.372804335472404,0.476089884039099,0.0734092858364865,0.41805670867099,0.149366840908778,0.370685637538622,0.0230255316007235,0.114081902312232,0.171381053132656,0.410878259747623,0.214590063171878,-0.00190098262213385,0.0541756369929968,0.225808485529311,0.421995650335529,0.357111665719205,0.501153796611786,0.395065138707451,0.0654707721463264,0.27533300369501,0.26038191392757,1,0.190907869136112,0.497824044136244,0.0102399293972773,0.0566587597337707,0.181974174454366,0.294638513392382,0.0906344880363782,0.29230027654118,0.306532150668922,0.430401846522146,0.181447580341794,0.420406456267726,0.344759384283782,0.459264895286055,0.100519772274052,0.414676600744378,0.168163977380462,0.381526618829874,-0.00595622402360103,0.163459214828775,0.226094029660101,0.392901392714297,0.310855292680665,-0.0163222116348891,0.188762760428628,0.257311588248616,0.354044203076622,0.401189428320371,0.455131425629883,0.442262076938882,0.0302991889427402,0.301897345667867,0.311225983649534,0.894998778092872,0.18314104354054,0.521086945706056,0.0232399021837663,0.0559859980002803,0.150587237405398,0.275985782502822
0.734433127340137,0.244115238412253,0.245022420990142,0.271413921742862,0.249655058705486,0.372951274302475,0.325278574941779,0.344275730121598,0.333118807915282,0.293994238029248,0.324870039809141,0.25004299268001,0.341889281579898,0.583875431730311,0.250481348819591,0.363425426694326,0.402617052476755,0.308207753273978,0.460378312128096,0.170463351845788,0.365912349950153,0.304735669807993,0.402721432284795,0.265630706243429,0.29845279748445,0.246266772941254,0.426075198746397,0.190907869136112,1,0.388983367639166,0.2439215588392,0.353561652868248,0.621863462346881,0.456248510690694,0.645118616845271,0.276475493267054,0.236897159893535,0.254175807285771,0.255531249178295,0.361307999607125,0.306127197657633,0.329514156578033,0.309650133860049,0.289975051375014,0.290156609547037,0.255319676220955,0.320206389151761,0.525717350373112,0.24707446449142,0.362563596932685,0.305304981641267,0.253889397720855,0.416279309339737,0.179376706252955,0.361135079510271,0.281551266414679,0.388988092076941,0.270480967483818,0.311127950333789,0.255813394616391,0.390011616556371,0.20538522086123,0.836501595255669,0.30268523990707,0.229308688525778,0.317105286073584,0.539958981418396,0.41408879126702
0.334384311870086,0.408808305128495,0.426818594741451,0.179888007555442,0.175056134764741,0.203235885823741,0.462525986166956,0.432118872899925,0.0843133930347959,0.151380249610448,0.289629674481941,0.137654390288711,0.0952375651524812,0.357332647198052,0.0556040242763146,0.32070636272044,0.534524231377153,0.178193841161529,0.282666902256102,0.0755062958160867,0.431132622290585,0.469951158833975,0.490899547599567,0.323574026292167,0.1685939683123,0.456533445396833,0.447912077514386,0.497824044136244,0.388983367639166,1,0.105493830717395,0.0892728468751965,0.334003189642161,0.471612348995248,0.312613696633467,0.357514264554281,0.351251935829046,0.199700777187465,0.205119465324788,0.20140810326168,0.425707010092152,0.377552105787875,0.0847295435448057,0.171420335316548,0.257449917769767,0.129640157741622,0.0566879895554376,0.348515795297969,0.0424506050360343,0.32965792432849,0.45328110170151,0.186478337329217,0.364355349065128,0.0991144618660166,0.388326938884835,0.443965569205056,0.456278712085018,0.313741775311915,0.142807319011635,0.400168790784163,0.43547188613054,0.465361387192675,0.371988690751668,0.754323254663252,0.0794195812556416,0.114900470366474,0.30819599177665,0.428648841548123
0.24960357417957,0.0578929195606756,0.242102247609886,0.122549072055457,0.18599926382422,0.146462861539171,0.351733125038089,0.17898498799845,0.372717588839976,0.165530813606969,0.369027565759787,0.090210570641574,0.566234107132095,0.422312310950842,0.152269422067761,0.0795924635535989,0.11643791352808,0.370870406875344,0.250637549601514,0.0566745535330607,0.112765761343359,0.176166347793497,0.0801703717557265,0.241246454903762,0.333975514269475,0.354434861970473,0.382239364859043,0.0102399293972773,0.2439215588392,0.105493830717395,1,0.250574212769715,0.133794261644088,0.0705342957546073,0.209646586376393,0.0790203400682958,0.157337033859136,0.126488705869544,0.171071293788954,0.135012693411197,0.237295613939966,0.194646028427517,0.320670174071066,0.174043628086315,0.280302834024709,0.113472749591162,0.49549183992409,0.333333376015645,0.117608063040801,0.0660412327131382,0.01534091571776,0.312777872117934,0.130954447371324,0.081342996852616,0.117718716012995,0.108045706265564,0.0749569788495419,0.179869951440726,0.327793407929227,0.228302524742454,0.290473574262144,0.0155157337025116,0.243990131746493,-0.00191153819680811,0.564357807437544,0.192327615239957,0.148072946169784,0.0639369273329209
0.326146572579376,0.0393666273341925,0.18954666804876,0.0277330125089287,0.46774853664353,0.345088243047099,0.257525922521368,0.415329901969491,0.240227427058281,0.204018298228527,0.30211500259552,0.0705757010465893,0.3865801412668,0.456700659127123,0.238583717803397,0.106213083524134,0.0865519157010995,0.282333150925441,0.193087630754127,0.0343216917149744,0.0810822535582051,0.103583713785295,0.073485342835131,0.145383731417145,0.196722261423948,0.0626313906972023,0.268974421388888,0.0566587597337707,0.353561652868248,0.0892728468751965,0.250574212769715,1,0.167421760856632,0.130992891194699,0.295442755867709,0.0472201003434481,0.135029551626679,0.0425202104792145,0.356803991961622,0.31621595930091,0.209106458184888,0.363661090498119,0.241416781488979,0.188073055086574,0.243996891669675,0.094733586592014,0.38060505563828,0.41481739303782,0.235457391958516,0.104521434947807,0.0502752589436423,0.215213543025917,0.184833489699259,0.0544851062094052,0.0858656880673821,0.0448704137987935,0.0579469693346881,0.131474861368391,0.201630396375128,0.0625230627859994,0.228220115655506,0.0201140012914604,0.369199753477957,-0.0053490863155985,0.238069869371735,0.551290498828838,0.158120525183522,0.12971475067724
0.349628588173869,0.333155387804071,0.214426132827158,0.297117742221978,0.173516144787928,0.239392237064132,0.246682277246739,0.210031218192365,0.284406687989277,0.200295829305199,0.260949393962529,0.289095819640453,0.198598441816712,0.244726736828938,0.215478028909428,0.344014362377123,0.355386018765669,0.175708446054871,0.315954254251047,0.240158931163386,0.356336147940735,0.37142602818016,0.415777079324979,0.27998799214931,0.288530338192636,0.259223031793662,0.33248412285172,0.181974174454366,0.621863462346881,0.334003189642161,0.133794261644088,0.167421760856632,1,0.526055657213291,0.317983505805192,0.348516756764547,0.207248995956632,0.273709262455038,0.212226449984538,0.24652256173598,0.210755819438082,0.182520698100901,0.266664338055177,0.199688338450826,0.229372714049419,0.278056321145061,0.187207243205693,0.241144770614231,0.21590511625205,0.329937717941645,0.303529587708137,0.1462347437314,0.320752395702484,0.235195332146168,0.334022391033822,0.366725879042803,0.375667803459029,0.259621180828595,0.277782201313679,0.258735733025048,0.306181994197422,0.184195326545054,0.5625345682042,0.293308310918196,0.124585921636875,0.13524963922887,0.711275884534195,0.470469693407016
