0.000000000000000000e+00,0.000000000000000000e+00,0.000000000000000000e+00,0.000000000000000000e+00,0.000000000000000000e+00,0.000000000000000000e+00,5.460459999999999354e+02,0.000000000000000000e+00,0.000000000000000000e+00,0.000000000000000000e+00,0.000000000000000000e+00,0.000000000000000000e+00,0.000000000000000000e+00,1.781619999999999891e+03,0.000000000000000000e+00,0.000000000000000000e+00,5.252060000000000173e+01,0.000000000000000000e+00,0.000000000000000000e+00,0.000000000000000000e+00,0.000000000000000000e+00,0.000000000000000000e+00,8.745939999999998804e+01,0.000000000000000000e+00,0.000000000000000000e+00,0.000000000000000000e+00,0.000000000000000000e+00,0.000000000000000000e+00,1.423120000000000118e+03,6.652219999999999800e+02,0.000000000000000000e+00,0.000000000000000000e+00,0.000000000000000000e+00,0.000000000000000000e+00,0.000000000000000000e+00,0.000000000000000000e+00,0.000000000000000000e+00,0.000000000000000000e+00,0.000000000000000000e+00,0.000000000000000000e+00,0.000000000000000000e+00,0.000000000000000000e+00,0.000000000000000000e+00,0.000000000000000000e+00,0.000000000000000000e+00,0.000000000000000000e+00,0.000000000000000000e+00,0.000000000000000000e+00,0.000000000000000000e+00,0.000000000000000000e+00,0.000000000000000000e+00,0.000000000000000000e+00,0.000000000000000000e+00,0.000000000000000000e+00,0.000000000000000000e+00,0.000000000000000000e+00,0.000000000000000000e+00,0.000000000000000000e+00,0.000000000000000000e+00,0.000000000000000000e+00,0.000000000000000000e+00,0.000000000000000000e+00,0.000000000000000000e+00,0.000000000000000000e+00,0.000000000000000000e+00,0.000000000000000000e+00,0.000000000000000000e+00,0.000000000000000000e+00
0.000000000000000000e+00,0.000000000000000000e+00,0.000000000000000000e+00,0.000000000000000000e+00,0.000000000000000000e+00,0.000000000000000000e+00,0.000000000000000000e+00,0.000000000000000000e+00,2.029560000000000173e+02,0.000000000000000000e+00,0.000000000000000000e+00,0.000000000000000000e+00,1.769560000000000173e+02,0.000000000000000000e+00,0.000000000000000000e+00,3.697459999999999525e+01,0.000000000000000000e+00,0.000000000000000000e+00,0.000000000000000000e+00,0.000000000000000000e+00,0.000000000000000000e+00,1.251180000000000064e+03,0.000000000000000000e+00,5.045859999999999559e+02,1.004000000000000000e+03,0.000000000000000000e+00,6.668100000000000591e+02,0.000000000000000000e+00,0.000000000000000000e+00,0.000000000000000000e+00,0.000000000000000000e+00,0.000000000000000000e+00,0.000000000000000000e+00,0.000000000000000000e+00,0.000000000000000000e+00,1.668880000000000052e+02,0.000000000000000000e+00,0.000000000000000000e+00,0.000000000000000000e+00,0.000000000000000000e+00,0.000000000000000000e+00,0.000000000000000000e+00,0.000000000000000000e+00,0.000000000000000000e+00,0.000000000000000000e+00,0.000000000000000000e+00,2.738159999999999883e+01,0.000000000000000000e+00,0.000000000000000000e+00,0.000000000000000000e+00,0.000000000000000000e+00,0.000000000000000000e+00,0.000000000000000000e+00,0.000000000000000000e+00,0.000000000000000000e+00,9.612680000000000291e+01,0.000000000000000000e+00,6.121100000000000563e+01,2.096599999999999753e+01,0.000000000000000000e+00,9.451019999999999754e+01,0.000000000000000000e+00,0.000000000000000000e+00,0.000000000000000000e+00,0.000000000000000000e+00,0.000000000000000000e+00,0.000000000000000000e+00,0.000000000000000000e+00
0.000000000000000000e+00,0.000000000000000000e+00,0.000000000000000000e+00,0.000000000000000000e+00,0.000000000000000000e+00,0.000000000000000000e+00,5.055939999999999941e+02,2.901539999999999964e+02,0.000000000000000000e+00,0.000000000000000000e+00,0.000000000000000000e+00,0.000000000000000000e+00,0.000000000000000000e+00,1.823760000000000048e+02,0.000000000000000000e+00,0.000000000000000000e+00,1.428779999999999973e+03,0.000000000000000000e+00,0.000000000000000000e+00,0.000000000000000000e+00,4.751459999999999582e+02,0.000000000000000000e+00,4.356739999999999782e+03,0.000000000000000000e+00,0.000000000000000000e+00,2.736719999999999800e+03,2.525359999999999673e+03,1.826239999999999952e+02,0.000000000000000000e+00,2.768340000000000032e+02,0.000000000000000000e+00,0.000000000000000000e+00,0.000000000000000000e+00,0.000000000000000000e+00,0.000000000000000000e+00,0.000000000000000000e+00,1.714099999999999966e+02,0.000000000000000000e+00,0.000000000000000000e+00,0.000000000000000000e+00,0.000000000000000000e+00,0.000000000000000000e+00,0.000000000000000000e+00,0.000000000000000000e+00,0.000000000000000000e+00,0.000000000000000000e+00,0.000000000000000000e+00,0.000000000000000000e+00,0.000000000000000000e+00,0.000000000000000000e+00,0.000000000000000000e+00,0.000000000000000000e+00,0.000000000000000000e+00,0.000000000000000000e+00,0.000000000000000000e+00,0.000000000000000000e+00,0.000000000000000000e+00,0.000000000000000000e+00,0.000000000000000000e+00,0.000000000000000000e+00,3.798199999999999932e+02,0.000000000000000000e+00,0.000000000000000000e+00,0.000000000000000000e+00,0.000000000000000000e+00,0.000000000000000000e+00,0.000000000000000000e+00,0.000000000000000000e+00
0.000000000000000000e+00,0.000000000000000000e+00,0.000000000000000000e+00,0.000000000000000000e+00,3.061400000000000077e+01,2.694340000000000046e+01,0.000000000000000000e+00,0.000000000000000000e+00,1.423799999999999955e+02,4.368679999999999950e+02,0.000000000000000000e+00,3.779320000000000164e+02,1.748400000000000176e+01,0.000000000000000000e+00,4.111840000000000117e+01,0.000000000000000000e+00,0.000000000000000000e+00,0.000000000000000000e+00,0.000000000000000000e+00,1.901339999999999918e+03,0.000000000000000000e+00,0.000000000000000000e+00,0.000000000000000000e+00,1.068099999999999909e+03,0.000000000000000000e+00,0.000000000000000000e+00,0.000000000000000000e+00,1.627779999999999973e+03,0.000000000000000000e+00,0.000000000000000000e+00,0.000000000000000000e+00,0.000000000000000000e+00,0.000000000000000000e+00,0.000000000000000000e+00,0.000000000000000000e+00,0.000000000000000000e+00,0.000000000000000000e+00,4.079939999999999714e+02,0.000000000000000000e+00,0.000000000000000000e+00,0.000000000000000000e+00,0.000000000000000000e+00,9.000440000000000396e+01,1.198079999999999927e+02,0.000000000000000000e+00,8.708899999999999864e+01,0.000000000000000000e+00,0.000000000000000000e+00,0.000000000000000000e+00,0.000000000000000000e+00,0.000000000000000000e+00,0.000000000000000000e+00,0.000000000000000000e+00,1.782800000000000011e+02,0.000000000000000000e+00,0.000000000000000000e+00,0.000000000000000000e+00,1.352500000000000000e+02,0.000000000000000000e+00,0.000000000000000000e+00,0.000000000000000000e+00,3.154099999999999682e+02,0.000000000000000000e+00,0.000000000000000000e+00,0.000000000000000000e+00,0.000000000000000000e+00,0.000000000000000000e+00,0.000000000000000000e+00
0.000000000000000000e+00,0.000000000000000000e+00,0.000000000000000000e+00,3.061400000000000077e+01,0.000000000000000000e+00,4.135199999999999818e+02,0.000000000000000000e+00,0.000000000000000000e+00,3.887119999999999891e+02,0.000000000000000000e+00,1.905560000000000187e+01,4.703040000000000020e+01,4.332480000000000331e+01,0.000000000000000000e+00,1.665139999999999873e+03,0.000000000000000000e+00,0.000000000000000000e+00,0.000000000000000000e+00,0.000000000000000000e+00,0.000000000000000000e+00,0.000000000000000000e+00,0.000000000000000000e+00,0.000000000000000000e+00,2.900799999999999841e+02,0.000000000000000000e+00,0.000000000000000000e+00,2.890540000000000020e+01,7.127139999999999986e+01,0.000000000000000000e+00,0.000000000000000000e+00,0.000000000000000000e+00,5.315019999999999527e+02,0.000000000000000000e+00,1.225399999999999920e+02,0.000000000000000000e+00,0.000000000000000000e+00,0.000000000000000000e+00,0.000000000000000000e+00,0.000000000000000000e+00,0.000000000000000000e+00,0.000000000000000000e+00,0.000000000000000000e+00,0.000000000000000000e+00,0.000000000000000000e+00,0.000000000000000000e+00,0.000000000000000000e+00,0.000000000000000000e+00,0.000000000000000000e+00,0.000000000000000000e+00,0.000000000000000000e+00,0.000000000000000000e+00,0.000000000000000000e+00,0.000000000000000000e+00,0.000000000000000000e+00,0.000000000000000000e+00,0.000000000000000000e+00,0.000000000000000000e+00,0.000000000000000000e+00,0.000000000000000000e+00,0.000000000000000000e+00,0.000000000000000000e+00,0.000000000000000000e+00,0.000000000000000000e+00,0.000000000000000000e+00,0.000000000000000000e+00,0.000000000000000000e+00,0.000000000000000000e+00,0.000000000000000000e+00
0.000000000000000000e+00,0.000000000000000000e+00,0.000000000000000000e+00,2.694340000000000046e+01,4.135199999999999818e+02,0.000000000000000000e+00,4.310079999999999814e+02,2.368200000000000273e+03,2.697460000000000235e+01,1.977000000000000000e+03,2.465879999999999939e+01,8.275620000000000118e+02,4.087419999999999476e+01,9.193119999999998981e+01,6.130400000000000773e+02,0.000000000000000000e+00,0.000000000000000000e+00,2.946340000000000003e+01,0.000000000000000000e+00,2.949140000000000228e+01,0.000000000000000000e+00,0.000000000000000000e+00,0.000000000000000000e+00,4.120519999999999783e+01,0.000000000000000000e+00,3.921699999999999875e+01,0.000000000000000000e+00,2.093259999999999934e+02,9.651000000000000512e+01,0.000000000000000000e+00,0.000000000000000000e+00,3.247220000000000368e+02,0.000000000000000000e+00,7.329039999999999111e+01,0.000000000000000000e+00,0.000000000000000000e+00,0.000000000000000000e+00,0.000000000000000000e+00,0.000000000000000000e+00,0.000000000000000000e+00,0.000000000000000000e+00,0.000000000000000000e+00,0.000000000000000000e+00,0.000000000000000000e+00,0.000000000000000000e+00,0.000000000000000000e+00,0.000000000000000000e+00,0.000000000000000000e+00,0.000000000000000000e+00,0.000000000000000000e+00,0.000000000000000000e+00,0.000000000000000000e+00,0.000000000000000000e+00,0.000000000000000000e+00,0.000000000000000000e+00,0.000000000000000000e+00,0.000000000000000000e+00,0.000000000000000000e+00,0.000000000000000000e+00,0.000000000000000000e+00,0.000000000000000000e+00,0.000000000000000000e+00,0.000000000000000000e+00,0.000000000000000000e+00,0.000000000000000000e+00,0.000000000000000000e+00,0.000000000000000000e+00,0.000000000000000000e+00
5.460459999999999354e+02,0.000000000000000000e+00,5.055939999999999941e+02,0.000000000000000000e+00,0.000000000000000000e+00,4.310079999999999814e+02,0.000000000000000000e+00,1.258879999999999882e+03,0.000000000000000000e+00,2.457019999999999982e+03,3.642819999999999681e+01,0.000000000000000000e+00,4.603580000000000183e+01,2.965019999999999982e+03,0.000000000000000000e+00,0.000000000000000000e+00,1.035574000000000012e+02,7.303759999999999764e+01,9.856340000000000146e+01,0.000000000000000000e+00,3.889620000000000459e+02,0.000000000000000000e+00,6.453980000000000246e+02,0.000000000000000000e+00,0.000000000000000000e+00,1.371160000000000139e+02,9.005660000000000309e+01,7.274079999999999927e+03,6.608820000000000618e+02,2.110719999999999800e+03,0.000000000000000000e+00,3.370839999999999748e+01,1.056231999999999971e+02,3.398180000000000405e+02,0.000000000000000000e+00,0.000000000000000000e+00,0.000000000000000000e+00,0.000000000000000000e+00,0.000000000000000000e+00,0.000000000000000000e+00,0.000000000000000000e+00,0.000000000000000000e+00,0.000000000000000000e+00,0.000000000000000000e+00,0.000000000000000000e+00,0.000000000000000000e+00,0.000000000000000000e+00,0.000000000000000000e+00,0.000000000000000000e+00,0.000000000000000000e+00,0.000000000000000000e+00,0.000000000000000000e+00,0.000000000000000000e+00,0.000000000000000000e+00,0.000000000000000000e+00,0.000000000000000000e+00,0.000000000000000000e+00,0.000000000000000000e+00,0.000000000000000000e+00,0.000000000000000000e+00,0.000000000000000000e+00,0.000000000000000000e+00,0.000000000000000000e+00,0.000000000000000000e+00,0.000000000000000000e+00,0.000000000000000000e+00,0.000000000000000000e+00,0.000000000000000000e+00
0.000000000000000000e+00,0.000000000000000000e+00,2.901539999999999964e+02,0.000000000000000000e+00,0.000000000000000000e+00,2.368200000000000273e+03,1.258879999999999882e+03,0.000000000000000000e+00,0.000000000000000000e+00,9.331399999999999864e+02,0.000000000000000000e+00,1.192420000000000044e+02,3.591839999999999833e+01,2.947300000000000182e+03,4.430020000000000380e+01,0.000000000000000000e+00,4.110900000000000318e+02,0.000000000000000000e+00,0.000000000000000000e+00,0.000000000000000000e+00,0.000000000000000000e+00,0.000000000000000000e+00,6.116779999999999973e+02,0.000000000000000000e+00,0.000000000000000000e+00,9.506040000000000134e+01,3.107979999999999876e+01,1.136979999999999933e+02,8.698759999999998627e+01,3.279180000000000064e+02,0.000000000000000000e+00,3.425100000000000477e+02,0.000000000000000000e+00,9.938279999999998893e+01,0.000000000000000000e+00,0.000000000000000000e+00,0.000000000000000000e+00,0.000000000000000000e+00,0.000000000000000000e+00,0.000000000000000000e+00,0.000000000000000000e+00,0.000000000000000000e+00,0.000000000000000000e+00,0.000000000000000000e+00,0.000000000000000000e+00,0.000000000000000000e+00,0.000000000000000000e+00,0.000000000000000000e+00,0.000000000000000000e+00,0.000000000000000000e+00,0.000000000000000000e+00,0.000000000000000000e+00,0.000000000000000000e+00,0.000000000000000000e+00,0.000000000000000000e+00,0.000000000000000000e+00,0.000000000000000000e+00,0.000000000000000000e+00,0.000000000000000000e+00,0.000000000000000000e+00,0.000000000000000000e+00,0.000000000000000000e+00,0.000000000000000000e+00,0.000000000000000000e+00,0.000000000000000000e+00,0.000000000000000000e+00,0.000000000000000000e+00,0.000000000000000000e+00
0.000000000000000000e+00,2.029560000000000173e+02,0.000000000000000000e+00,1.423799999999999955e+02,3.887119999999999891e+02,2.697460000000000235e+01,0.000000000000000000e+00,0.000000000000000000e+00,0.000000000000000000e+00,0.000000000000000000e+00,0.000000000000000000e+00,3.371019999999999754e+02,5.112120000000000175e+01,0.000000000000000000e+00,6.715320000000000391e+02,0.000000000000000000e+00,0.000000000000000000e+00,0.000000000000000000e+00,0.000000000000000000e+00,7.552479999999999905e+01,0.000000000000000000e+00,7.127280000000000655e+02,0.000000000000000000e+00,1.402779999999999973e+03,1.248599999999999994e+02,0.000000000000000000e+00,2.120120000000000005e+02,1.930900000000000034e+02,0.000000000000000000e+00,0.000000000000000000e+00,0.000000000000000000e+00,4.338380000000000081e+01,0.000000000000000000e+00,0.000000000000000000e+00,0.000000000000000000e+00,0.000000000000000000e+00,0.000000000000000000e+00,8.827599999999999625e+01,0.000000000000000000e+00,0.000000000000000000e+00,0.000000000000000000e+00,0.000000000000000000e+00,5.893220000000000027e+02,0.000000000000000000e+00,0.000000000000000000e+00,6.044840000000000657e+01,0.000000000000000000e+00,0.000000000000000000e+00,0.000000000000000000e+00,0.000000000000000000e+00,0.000000000000000000e+00,0.000000000000000000e+00,0.000000000000000000e+00,7.930400000000000205e+01,0.000000000000000000e+00,8.470900000000000318e+01,0.000000000000000000e+00,2.586379999999999768e+02,0.000000000000000000e+00,0.000000000000000000e+00,3.013819999999999766e+01,1.597560000000000002e+02,0.000000000000000000e+00,0.000000000000000000e+00,0.000000000000000000e+00,0.000000000000000000e+00,0.000000000000000000e+00,0.000000000000000000e+00
0.000000000000000000e+00,0.000000000000000000e+00,0.000000000000000000e+00,4.368679999999999950e+02,0.000000000000000000e+00,1.977000000000000000e+03,2.457019999999999982e+03,9.331399999999999864e+02,0.000000000000000000e+00,0.000000000000000000e+00,1.001280000000000001e+02,7.188640000000000327e+02,8.885020000000000095e+01,4.032379999999999995e+02,0.000000000000000000e+00,0.000000000000000000e+00,0.000000000000000000e+00,1.560220000000000198e+02,1.033015999999999934e+02,1.047480000000000018e+03,0.000000000000000000e+00,0.000000000000000000e+00,0.000000000000000000e+00,0.000000000000000000e+00,0.000000000000000000e+00,2.130840000000000032e+02,6.877599999999999625e+01,1.220899999999999864e+03,2.402379999999999995e+02,0.000000000000000000e+00,0.000000000000000000e+00,6.131300000000000239e+01,0.000000000000000000e+00,2.522500000000000000e+02,0.000000000000000000e+00,0.000000000000000000e+00,0.000000000000000000e+00,1.598480000000000132e+02,0.000000000000000000e+00,0.000000000000000000e+00,0.000000000000000000e+00,0.000000000000000000e+00,0.000000000000000000e+00,4.528139999999999645e+02,0.000000000000000000e+00,7.977960000000000207e+01,0.000000000000000000e+00,0.000000000000000000e+00,0.000000000000000000e+00,0.000000000000000000e+00,0.000000000000000000e+00,0.000000000000000000e+00,0.000000000000000000e+00,2.849099999999999682e+02,0.000000000000000000e+00,0.000000000000000000e+00,0.000000000000000000e+00,1.273600000000000136e+02,0.000000000000000000e+00,0.000000000000000000e+00,0.000000000000000000e+00,4.538379999999999654e+02,0.000000000000000000e+00,0.000000000000000000e+00,0.000000000000000000e+00,0.000000000000000000e+00,0.000000000000000000e+00,0.000000000000000000e+00
0.000000000000000000e+00,0.000000000000000000e+00,0.000000000000000000e+00,0.000000000000000000e+00,1.905560000000000187e+01,2.465879999999999939e+01,3.642819999999999681e+01,0.000000000000000000e+00,0.000000000000000000e+00,1.001280000000000001e+02,0.000000000000000000e+00,1.469660000000000082e+02,8.773640000000000327e+02,4.382520000000000238e+01,0.000000000000000000e+00,0.000000000000000000e+00,0.000000000000000000e+00,1.035460000000000036e+03,2.714619999999999891e+02,3.125339999999999918e+01,0.000000000000000000e+00,0.000000000000000000e+00,0.000000000000000000e+00,0.000000000000000000e+00,0.000000000000000000e+00,8.038880000000000337e+02,0.000000000000000000e+00,4.123420000000000130e+01,2.514439999999999884e+02,0.000000000000000000e+00,1.766140000000000043e+02,2.997340000000000373e+02,0.000000000000000000e+00,1.338859999999999900e+03,0.000000000000000000e+00,0.000000000000000000e+00,0.000000000000000000e+00,0.000000000000000000e+00,0.000000000000000000e+00,0.000000000000000000e+00,0.000000000000000000e+00,0.000000000000000000e+00,0.000000000000000000e+00,0.000000000000000000e+00,2.958139999999999858e+01,0.000000000000000000e+00,1.641059999999999945e+02,0.000000000000000000e+00,0.000000000000000000e+00,0.000000000000000000e+00,0.000000000000000000e+00,0.000000000000000000e+00,0.000000000000000000e+00,0.000000000000000000e+00,0.000000000000000000e+00,0.000000000000000000e+00,0.000000000000000000e+00,0.000000000000000000e+00,0.000000000000000000e+00,0.000000000000000000e+00,0.000000000000000000e+00,0.000000000000000000e+00,0.000000000000000000e+00,0.000000000000000000e+00,6.219480000000000075e+01,0.000000000000000000e+00,0.000000000000000000e+00,2.986339999999999861e+01
0.000000000000000000e+00,0.000000000000000000e+00,0.000000000000000000e+00,3.779320000000000164e+02,4.703040000000000020e+01,8.275620000000000118e+02,0.000000000000000000e+00,1.192420000000000044e+02,3.371019999999999754e+02,7.188640000000000327e+02,1.469660000000000082e+02,0.000000000000000000e+00,1.459099999999999966e+02,7.676539999999999964e+01,3.493100000000000023e+02,0.000000000000000000e+00,0.000000000000000000e+00,1.657920000000000016e+02,0.000000000000000000e+00,1.459079999999999927e+03,0.000000000000000000e+00,0.000000000000000000e+00,0.000000000000000000e+00,3.791160000000000423e+02,0.000000000000000000e+00,2.290940000000000225e+02,0.000000000000000000e+00,1.086799999999999926e+02,1.044719999999999942e+02,0.000000000000000000e+00,0.000000000000000000e+00,6.638280000000000314e+01,0.000000000000000000e+00,2.237800000000000011e+02,0.000000000000000000e+00,0.000000000000000000e+00,0.000000000000000000e+00,7.068739999999999668e+01,0.000000000000000000e+00,0.000000000000000000e+00,0.000000000000000000e+00,0.000000000000000000e+00,5.465619999999999834e+01,4.371699999999999875e+01,0.000000000000000000e+00,2.347299999999999898e+02,0.000000000000000000e+00,0.000000000000000000e+00,0.000000000000000000e+00,0.000000000000000000e+00,0.000000000000000000e+00,0.000000000000000000e+00,0.000000000000000000e+00,8.158559999999999945e+01,0.000000000000000000e+00,0.000000000000000000e+00,0.000000000000000000e+00,2.402660000000000196e+01,0.000000000000000000e+00,0.000000000000000000e+00,0.000000000000000000e+00,4.513540000000000418e+01,0.000000000000000000e+00,0.000000000000000000e+00,0.000000000000000000e+00,0.000000000000000000e+00,0.000000000000000000e+00,0.000000000000000000e+00
0.000000000000000000e+00,1.769560000000000173e+02,0.000000000000000000e+00,1.748400000000000176e+01,4.332480000000000331e+01,4.087419999999999476e+01,4.603580000000000183e+01,3.591839999999999833e+01,5.112120000000000175e+01,8.885020000000000095e+01,8.773640000000000327e+02,1.459099999999999966e+02,0.000000000000000000e+00,4.543260000000000076e+01,0.000000000000000000e+00,0.000000000000000000e+00,0.000000000000000000e+00,0.000000000000000000e+00,0.000000000000000000e+00,4.335079999999999956e+01,0.000000000000000000e+00,8.939400000000000546e+01,0.000000000000000000e+00,8.048619999999999663e+01,5.864320000000000164e+02,3.921240000000000236e+01,3.993899999999999864e+02,8.414339999999999975e+01,1.041291999999999973e+02,0.000000000000000000e+00,5.928079999999999927e+02,5.589640000000000555e+02,0.000000000000000000e+00,1.022882000000000062e+03,0.000000000000000000e+00,3.312580000000000524e+01,0.000000000000000000e+00,0.000000000000000000e+00,0.000000000000000000e+00,0.000000000000000000e+00,0.000000000000000000e+00,0.000000000000000000e+00,0.000000000000000000e+00,0.000000000000000000e+00,6.784999999999999432e+01,0.000000000000000000e+00,1.032880000000000109e+03,0.000000000000000000e+00,0.000000000000000000e+00,0.000000000000000000e+00,0.000000000000000000e+00,0.000000000000000000e+00,0.000000000000000000e+00,0.000000000000000000e+00,0.000000000000000000e+00,0.000000000000000000e+00,0.000000000000000000e+00,2.164219999999999899e+01,6.068760000000000332e+01,7.987779999999999347e+01,2.362699999999999818e+02,0.000000000000000000e+00,0.000000000000000000e+00,0.000000000000000000e+00,3.434259999999999877e+02,4.301839999999999975e+01,0.000000000000000000e+00,6.906900000000000261e+01
1.781619999999999891e+03,0.000000000000000000e+00,1.823760000000000048e+02,0.000000000000000000e+00,0.000000000000000000e+00,9.193119999999998981e+01,2.965019999999999982e+03,2.947300000000000182e+03,0.000000000000000000e+00,4.032379999999999995e+02,4.382520000000000238e+01,7.676539999999999964e+01,4.543260000000000076e+01,0.000000000000000000e+00,0.000000000000000000e+00,0.000000000000000000e+00,5.189379999999999882e+02,0.000000000000000000e+00,0.000000000000000000e+00,0.000000000000000000e+00,0.000000000000000000e+00,0.000000000000000000e+00,8.022980000000000018e+02,0.000000000000000000e+00,0.000000000000000000e+00,9.524960000000000093e+01,2.918819999999999837e+01,1.836839999999999975e+02,1.913879999999999882e+03,1.693360000000000127e+03,0.000000000000000000e+00,3.555620000000000118e+02,0.000000000000000000e+00,1.128700000000000045e+02,0.000000000000000000e+00,0.000000000000000000e+00,0.000000000000000000e+00,0.000000000000000000e+00,0.000000000000000000e+00,0.000000000000000000e+00,0.000000000000000000e+00,0.000000000000000000e+00,0.000000000000000000e+00,0.000000000000000000e+00,0.000000000000000000e+00,0.000000000000000000e+00,0.000000000000000000e+00,0.000000000000000000e+00,0.000000000000000000e+00,0.000000000000000000e+00,0.000000000000000000e+00,0.000000000000000000e+00,0.000000000000000000e+00,0.000000000000000000e+00,0.000000000000000000e+00,0.000000000000000000e+00,0.000000000000000000e+00,0.000000000000000000e+00,0.000000000000000000e+00,0.000000000000000000e+00,0.000000000000000000e+00,0.000000000000000000e+00,0.000000000000000000e+00,0.000000000000000000e+00,0.000000000000000000e+00,0.000000000000000000e+00,0.000000000000000000e+00,0.000000000000000000e+00
0.000000000000000000e+00,0.000000000000000000e+00,0.000000000000000000e+00,4.111840000000000117e+01,1.665139999999999873e+03,6.130400000000000773e+02,0.000000000000000000e+00,4.430020000000000380e+01,6.715320000000000391e+02,0.000000000000000000e+00,0.000000000000000000e+00,3.493100000000000023e+02,0.000000000000000000e+00,0.000000000000000000e+00,0.000000000000000000e+00,0.000000000000000000e+00,0.000000000000000000e+00,0.000000000000000000e+00,0.000000000000000000e+00,2.606239999999999668e+01,0.000000000000000000e+00,0.000000000000000000e+00,0.000000000000000000e+00,3.849060000000000059e+02,0.000000000000000000e+00,0.000000000000000000e+00,4.253279999999999461e+01,8.388500000000000512e+01,0.000000000000000000e+00,0.000000000000000000e+00,0.000000000000000000e+00,1.892040000000000077e+02,0.000000000000000000e+00,0.000000000000000000e+00,0.000000000000000000e+00,0.000000000000000000e+00,0.000000000000000000e+00,0.000000000000000000e+00,0.000000000000000000e+00,0.000000000000000000e+00,0.000000000000000000e+00,0.000000000000000000e+00,0.000000000000000000e+00,0.000000000000000000e+00,0.000000000000000000e+00,0.000000000000000000e+00,0.000000000000000000e+00,0.000000000000000000e+00,0.000000000000000000e+00,0.000000000000000000e+00,0.000000000000000000e+00,0.000000000000000000e+00,0.000000000000000000e+00,0.000000000000000000e+00,0.000000000000000000e+00,0.000000000000000000e+00,0.000000000000000000e+00,0.000000000000000000e+00,0.000000000000000000e+00,0.000000000000000000e+00,0.000000000000000000e+00,0.000000000000000000e+00,0.000000000000000000e+00,0.000000000000000000e+00,0.000000000000000000e+00,0.000000000000000000e+00,0.000000000000000000e+00,0.000000000000000000e+00
0.000000000000000000e+00,3.697459999999999525e+01,0.000000000000000000e+00,0.000000000000000000e+00,0.000000000000000000e+00,0.000000000000000000e+00,0.000000000000000000e+00,0.000000000000000000e+00,0.000000000000000000e+00,0.000000000000000000e+00,0.000000000000000000e+00,0.000000000000000000e+00,0.000000000000000000e+00,0.000000000000000000e+00,0.000000000000000000e+00,0.000000000000000000e+00,0.000000000000000000e+00,0.000000000000000000e+00,0.000000000000000000e+00,0.000000000000000000e+00,6.918020000000000209e+02,4.376939999999999600e+02,1.435119999999999891e+03,3.598860000000000241e+02,0.000000000000000000e+00,0.000000000000000000e+00,1.197919999999999845e+03,9.530780000000000030e+01,0.000000000000000000e+00,0.000000000000000000e+00,0.000000000000000000e+00,0.000000000000000000e+00,0.000000000000000000e+00,0.000000000000000000e+00,0.000000000000000000e+00,0.000000000000000000e+00,0.000000000000000000e+00,0.000000000000000000e+00,0.000000000000000000e+00,0.000000000000000000e+00,0.000000000000000000e+00,0.000000000000000000e+00,0.000000000000000000e+00,0.000000000000000000e+00,0.000000000000000000e+00,0.000000000000000000e+00,0.000000000000000000e+00,0.000000000000000000e+00,0.000000000000000000e+00,1.393480000000000018e+03,0.000000000000000000e+00,0.000000000000000000e+00,0.000000000000000000e+00,0.000000000000000000e+00,1.196599999999999966e+02,2.248340000000000032e+02,1.537599999999999909e+03,1.129040000000000106e+02,0.000000000000000000e+00,0.000000000000000000e+00,5.916019999999999754e+02,5.577620000000000289e+01,0.000000000000000000e+00,0.000000000000000000e+00,0.000000000000000000e+00,0.000000000000000000e+00,0.000000000000000000e+00,0.000000000000000000e+00
5.252060000000000173e+01,0.000000000000000000e+00,1.428779999999999973e+03,0.000000000000000000e+00,0.000000000000000000e+00,0.000000000000000000e+00,1.035574000000000012e+02,4.110900000000000318e+02,0.000000000000000000e+00,0.000000000000000000e+00,0.000000000000000000e+00,0.000000000000000000e+00,0.000000000000000000e+00,5.189379999999999882e+02,0.000000000000000000e+00,0.000000000000000000e+00,0.000000000000000000e+00,0.000000000000000000e+00,1.272559999999999945e+03,0.000000000000000000e+00,9.996840000000000259e+01,0.000000000000000000e+00,2.356400000000000091e+03,0.000000000000000000e+00,0.000000000000000000e+00,1.038539999999999964e+03,2.430659999999999854e+03,5.134479999999999933e+01,2.422600000000000193e+02,1.687860000000000014e+02,0.000000000000000000e+00,0.000000000000000000e+00,0.000000000000000000e+00,6.753439999999999372e+02,0.000000000000000000e+00,0.000000000000000000e+00,0.000000000000000000e+00,0.000000000000000000e+00,0.000000000000000000e+00,0.000000000000000000e+00,0.000000000000000000e+00,0.000000000000000000e+00,0.000000000000000000e+00,0.000000000000000000e+00,0.000000000000000000e+00,0.000000000000000000e+00,0.000000000000000000e+00,0.000000000000000000e+00,0.000000000000000000e+00,0.000000000000000000e+00,0.000000000000000000e+00,0.000000000000000000e+00,0.000000000000000000e+00,0.000000000000000000e+00,0.000000000000000000e+00,0.000000000000000000e+00,0.000000000000000000e+00,0.000000000000000000e+00,0.000000000000000000e+00,0.000000000000000000e+00,0.000000000000000000e+00,0.000000000000000000e+00,0.000000000000000000e+00,0.000000000000000000e+00,0.000000000000000000e+00,0.000000000000000000e+00,0.000000000000000000e+00,0.000000000000000000e+00
0.000000000000000000e+00,0.000000000000000000e+00,0.000000000000000000e+00,0.000000000000000000e+00,0.000000000000000000e+00,2.946340000000000003e+01,7.303759999999999764e+01,0.000000000000000000e+00,0.000000000000000000e+00,1.560220000000000198e+02,1.035460000000000036e+03,1.657920000000000016e+02,0.000000000000000000e+00,0.000000000000000000e+00,0.000000000000000000e+00,0.000000000000000000e+00,0.000000000000000000e+00,0.000000000000000000e+00,7.881520000000000437e+02,0.000000000000000000e+00,0.000000000000000000e+00,0.000000000000000000e+00,0.000000000000000000e+00,0.000000000000000000e+00,0.000000000000000000e+00,8.130059999999999718e+02,5.668979999999999819e+01,8.004840000000000089e+01,1.656680000000000064e+02,0.000000000000000000e+00,0.000000000000000000e+00,6.597939999999999827e+01,0.000000000000000000e+00,5.240040000000000191e+02,0.000000000000000000e+00,0.000000000000000000e+00,0.000000000000000000e+00,0.000000000000000000e+00,0.000000000000000000e+00,0.000000000000000000e+00,0.000000000000000000e+00,0.000000000000000000e+00,0.000000000000000000e+00,0.000000000000000000e+00,0.000000000000000000e+00,0.000000000000000000e+00,0.000000000000000000e+00,0.000000000000000000e+00,0.000000000000000000e+00,0.000000000000000000e+00,0.000000000000000000e+00,0.000000000000000000e+00,0.000000000000000000e+00,0.000000000000000000e+00,0.000000000000000000e+00,0.000000000000000000e+00,0.000000000000000000e+00,0.000000000000000000e+00,0.000000000000000000e+00,0.000000000000000000e+00,0.000000000000000000e+00,0.000000000000000000e+00,0.000000000000000000e+00,0.000000000000000000e+00,0.000000000000000000e+00,0.000000000000000000e+00,0.000000000000000000e+00,0.000000000000000000e+00
0.000000000000000000e+00,0.000000000000000000e+00,0.000000000000000000e+00,0.000000000000000000e+00,0.000000000000000000e+00,0.000000000000000000e+00,9.856340000000000146e+01,0.000000000000000000e+00,0.000000000000000000e+00,1.033015999999999934e+02,2.714619999999999891e+02,0.000000000000000000e+00,0.000000000000000000e+00,0.000000000000000000e+00,0.000000000000000000e+00,0.000000000000000000e+00,1.272559999999999945e+03,7.881520000000000437e+02,0.000000000000000000e+00,0.000000000000000000e+00,0.000000000000000000e+00,0.000000000000000000e+00,0.000000000000000000e+00,0.000000000000000000e+00,0.000000000000000000e+00,1.064199999999999818e+03,1.800700000000000216e+02,1.320339999999999918e+02,1.595140000000000100e+02,0.000000000000000000e+00,0.000000000000000000e+00,0.000000000000000000e+00,0.000000000000000000e+00,1.252039999999999964e+03,0.000000000000000000e+00,0.000000000000000000e+00,0.000000000000000000e+00,0.000000000000000000e+00,0.000000000000000000e+00,0.000000000000000000e+00,0.000000000000000000e+00,0.000000000000000000e+00,0.000000000000000000e+00,0.000000000000000000e+00,0.000000000000000000e+00,0.000000000000000000e+00,0.000000000000000000e+00,0.000000000000000000e+00,0.000000000000000000e+00,0.000000000000000000e+00,0.000000000000000000e+00,0.000000000000000000e+00,0.000000000000000000e+00,0.000000000000000000e+00,0.000000000000000000e+00,0.000000000000000000e+00,0.000000000000000000e+00,0.000000000000000000e+00,0.000000000000000000e+00,0.000000000000000000e+00,0.000000000000000000e+00,0.000000000000000000e+00,0.000000000000000000e+00,0.000000000000000000e+00,0.000000000000000000e+00,0.000000000000000000e+00,0.000000000000000000e+00,0.000000000000000000e+00
0.000000000000000000e+00,0.000000000000000000e+00,0.000000000000000000e+00,1.901339999999999918e+03,0.000000000000000000e+00,2.949140000000000228e+01,0.000000000000000000e+00,0.000000000000000000e+00,7.552479999999999905e+01,1.047480000000000018e+03,3.125339999999999918e+01,1.459079999999999927e+03,4.335079999999999956e+01,0.000000000000000000e+00,2.606239999999999668e+01,0.000000000000000000e+00,0.000000000000000000e+00,0.000000000000000000e+00,0.000000000000000000e+00,0.000000000000000000e+00,0.000000000000000000e+00,0.000000000000000000e+00,0.000000000000000000e+00,2.242359999999999900e+02,0.000000000000000000e+00,4.808559999999999945e+01,0.000000000000000000e+00,2.784519999999999982e+02,0.000000000000000000e+00,0.000000000000000000e+00,0.000000000000000000e+00,1.687139999999999773e+01,0.000000000000000000e+00,4.691440000000000055e+01,0.000000000000000000e+00,0.000000000000000000e+00,0.000000000000000000e+00,1.154020000000000010e+02,0.000000000000000000e+00,0.000000000000000000e+00,0.000000000000000000e+00,0.000000000000000000e+00,5.450500000000000256e+01,1.842319999999999993e+02,0.000000000000000000e+00,7.331459999999999866e+01,0.000000000000000000e+00,0.000000000000000000e+00,0.000000000000000000e+00,0.000000000000000000e+00,0.000000000000000000e+00,0.000000000000000000e+00,0.000000000000000000e+00,2.122999999999999829e+02,0.000000000000000000e+00,0.000000000000000000e+00,0.000000000000000000e+00,6.773479999999999279e+01,0.000000000000000000e+00,0.000000000000000000e+00,0.000000000000000000e+00,1.764000000000000057e+02,0.000000000000000000e+00,0.000000000000000000e+00,0.000000000000000000e+00,0.000000000000000000e+00,0.000000000000000000e+00,0.000000000000000000e+00
0.000000000000000000e+00,0.000000000000000000e+00,4.751459999999999582e+02,0.000000000000000000e+00,0.000000000000000000e+00,0.000000000000000000e+00,3.889620000000000459e+02,0.000000000000000000e+00,0.000000000000000000e+00,0.000000000000000000e+00,0.000000000000000000e+00,0.000000000000000000e+00,0.000000000000000000e+00,0.000000000000000000e+00,0.000000000000000000e+00,6.918020000000000209e+02,9.996840000000000259e+01,0.000000000000000000e+00,0.000000000000000000e+00,0.000000000000000000e+00,0.000000000000000000e+00,0.000000000000000000e+00,5.871000000000000000e+03,5.541819999999999879e+01,0.000000000000000000e+00,5.060940000000000083e+01,1.116139999999999901e+02,2.232320000000000164e+03,1.292560000000000002e+02,2.631120000000000346e+03,0.000000000000000000e+00,0.000000000000000000e+00,9.528699999999999193e+01,6.900960000000000036e+02,0.000000000000000000e+00,0.000000000000000000e+00,0.000000000000000000e+00,0.000000000000000000e+00,0.000000000000000000e+00,0.000000000000000000e+00,0.000000000000000000e+00,0.000000000000000000e+00,0.000000000000000000e+00,0.000000000000000000e+00,0.000000000000000000e+00,0.000000000000000000e+00,0.000000000000000000e+00,0.000000000000000000e+00,0.000000000000000000e+00,4.255140000000000100e+02,0.000000000000000000e+00,0.000000000000000000e+00,0.000000000000000000e+00,0.000000000000000000e+00,5.150140000000000100e+02,1.143260000000000076e+02,2.635199999999999818e+02,4.261059999999999945e+02,0.000000000000000000e+00,0.000000000000000000e+00,0.000000000000000000e+00,3.414159999999999968e+02,0.000000000000000000e+00,0.000000000000000000e+00,0.000000000000000000e+00,0.000000000000000000e+00,0.000000000000000000e+00,0.000000000000000000e+00
0.000000000000000000e+00,1.251180000000000064e+03,0.000000000000000000e+00,0.000000000000000000e+00,0.000000000000000000e+00,0.000000000000000000e+00,0.000000000000000000e+00,0.000000000000000000e+00,7.127280000000000655e+02,0.000000000000000000e+00,0.000000000000000000e+00,0.000000000000000000e+00,8.939400000000000546e+01,0.000000000000000000e+00,0.000000000000000000e+00,4.376939999999999600e+02,0.000000000000000000e+00,0.000000000000000000e+00,0.000000000000000000e+00,0.000000000000000000e+00,0.000000000000000000e+00,0.000000000000000000e+00,0.000000000000000000e+00,1.027619999999999891e+03,3.733280000000000314e+02,0.000000000000000000e+00,5.432400000000000091e+02,0.000000000000000000e+00,0.000000000000000000e+00,0.000000000000000000e+00,0.000000000000000000e+00,0.000000000000000000e+00,0.000000000000000000e+00,0.000000000000000000e+00,0.000000000000000000e+00,7.471080000000000609e+01,0.000000000000000000e+00,0.000000000000000000e+00,0.000000000000000000e+00,0.000000000000000000e+00,0.000000000000000000e+00,0.000000000000000000e+00,9.414260000000000161e+01,0.000000000000000000e+00,0.000000000000000000e+00,0.000000000000000000e+00,0.000000000000000000e+00,0.000000000000000000e+00,0.000000000000000000e+00,7.429640000000000555e+01,0.000000000000000000e+00,0.000000000000000000e+00,0.000000000000000000e+00,0.000000000000000000e+00,0.000000000000000000e+00,6.010579999999999927e+02,5.449360000000000070e+01,1.839900000000000091e+02,0.000000000000000000e+00,0.000000000000000000e+00,9.025279999999999347e+01,0.000000000000000000e+00,0.000000000000000000e+00,0.000000000000000000e+00,0.000000000000000000e+00,0.000000000000000000e+00,0.000000000000000000e+00,0.000000000000000000e+00
8.745939999999998804e+01,0.000000000000000000e+00,4.356739999999999782e+03,0.000000000000000000e+00,0.000000000000000000e+00,0.000000000000000000e+00,6.453980000000000246e+02,6.116779999999999973e+02,0.000000000000000000e+00,0.000000000000000000e+00,0.000000000000000000e+00,0.000000000000000000e+00,0.000000000000000000e+00,8.022980000000000018e+02,0.000000000000000000e+00,1.435119999999999891e+03,2.356400000000000091e+03,0.000000000000000000e+00,0.000000000000000000e+00,0.000000000000000000e+00,5.871000000000000000e+03,0.000000000000000000e+00,0.000000000000000000e+00,0.000000000000000000e+00,0.000000000000000000e+00,5.471140000000000327e+02,2.695559999999999945e+03,2.735200000000000387e+02,2.704219999999999686e+02,1.654920000000000073e+03,0.000000000000000000e+00,0.000000000000000000e+00,3.648280000000000456e+01,5.149580000000000837e+02,0.000000000000000000e+00,0.000000000000000000e+00,0.000000000000000000e+00,0.000000000000000000e+00,0.000000000000000000e+00,0.000000000000000000e+00,0.000000000000000000e+00,0.000000000000000000e+00,0.000000000000000000e+00,0.000000000000000000e+00,0.000000000000000000e+00,0.000000000000000000e+00,0.000000000000000000e+00,0.000000000000000000e+00,0.000000000000000000e+00,1.704940000000000055e+03,0.000000000000000000e+00,0.000000000000000000e+00,0.000000000000000000e+00,0.000000000000000000e+00,1.087199999999999989e+02,1.676339999999999861e+02,3.239500000000000000e+03,8.193399999999999750e+01,0.000000000000000000e+00,0.000000000000000000e+00,1.014620000000000005e+03,0.000000000000000000e+00,0.000000000000000000e+00,0.000000000000000000e+00,0.000000000000000000e+00,0.000000000000000000e+00,0.000000000000000000e+00,0.000000000000000000e+00
